#Layer_Color=9474304
#
#Feature symbol names
#
$0 r5

#
#Feature attribute names
#

#
#Layer features
#
L 0.1102361 0.5905512 0.2834643 0.5905512 0 P 0
L 0.1102361 4.5275591 0.2834643 4.5275591 0 P 0
L 0.1968502 0.5039371 0.1968502 0.6771653 0 P 0
L 0.1968502 4.440945 0.1968502 4.6141732 0 P 0
L 0.3378445 2.6375 0.3496555 2.6375 0 P 0
L 0.34375 2.6315945 0.34375 2.6434055 0 P 0
L 0.3887794 4.468504 0.445866 4.468504 0 P 0
L 0.4003445 2.39375 0.4121555 2.39375 0 P 0
L 0.4003445 2.6375 0.4121555 2.6375 0 P 0
L 0.40625 2.3878445 0.40625 2.3996555 0 P 0
L 0.40625 2.6315945 0.40625 2.6434055 0 P 0
L 0.4173227 4.4399607 0.4173227 4.4970473 0 P 0
L 0.4253445 2.35 0.4371555 2.35 0 P 0
L 0.4253445 2.4375 0.4371555 2.4375 0 P 0
L 0.4253445 2.55 0.4371555 2.55 0 P 0
L 0.43125 2.3440945 0.43125 2.3559055 0 P 0
L 0.43125 2.4315945 0.43125 2.4434055 0 P 0
L 0.43125 2.5440945 0.43125 2.5559055 0 P 0
L 0.4503445 4.31875 0.4621555 4.31875 0 P 0
L 0.45625 4.3128445 0.45625 4.3246555 0 P 0
L 0.4565945 4.50625 0.4684055 4.50625 0 P 0
L 0.4625 4.5003445 0.4625 4.5121555 0 P 0
L 0.4628445 2.45625 0.4746555 2.45625 0 P 0
L 0.4628445 2.6375 0.4746555 2.6375 0 P 0
L 0.4628445 4.35 0.4746555 4.35 0 P 0
L 0.46875 2.4503445 0.46875 2.4621555 0 P 0
L 0.46875 2.6315945 0.46875 2.6434055 0 P 0
L 0.46875 4.3440945 0.46875 4.3559055 0 P 0
L 0.4690945 1.675 0.4809055 1.675 0 P 0
L 0.475 1.6690945 0.475 1.6809055 0 P 0
L 0.4822833 4.575 0.4940943 4.575 0 P 0
L 0.4881888 4.5690945 0.4881888 4.5809055 0 P 0
L 0.5128445 1.75 0.5246555 1.75 0 P 0
L 0.51875 1.7440945 0.51875 1.7559055 0 P 0
L 0.5190945 2.0875 0.5309055 2.0875 0 P 0
L 0.525 2.0815945 0.525 2.0934055 0 P 0
L 0.5253445 1.975 0.5371555 1.975 0 P 0
L 0.5253445 2.6375 0.5371555 2.6375 0 P 0
L 0.53125 1.9690945 0.53125 1.9809055 0 P 0
L 0.53125 2.6315945 0.53125 2.6434055 0 P 0
L 0.5378445 2.18125 0.5496555 2.18125 0 P 0
L 0.54375 2.1753445 0.54375 2.1871555 0 P 0
L 0.5452755 4.575 0.5570865 4.575 0 P 0
L 0.5452756 4.39375 0.5570866 4.39375 0 P 0
L 0.5503445 4.3375 0.5621555 4.3375 0 P 0
L 0.551181 4.5690945 0.551181 4.5809055 0 P 0
L 0.5511811 4.3878445 0.5511811 4.3996555 0 P 0
L 0.55625 4.3315945 0.55625 4.3434055 0 P 0
L 0.5565945 1.675 0.5684055 1.675 0 P 0
L 0.5565945 2 0.5684055 2 0 P 0
L 0.5565945 2.08125 0.5684055 2.08125 0 P 0
L 0.5625 1.6690945 0.5625 1.6809055 0 P 0
L 0.5625 1.9940945 0.5625 2.0059055 0 P 0
L 0.5625 2.0753445 0.5625 2.0871555 0 P 0
L 0.5628445 4.30625 0.5746555 4.30625 0 P 0
L 0.56875 4.3003445 0.56875 4.3121555 0 P 0
L 0.5690945 2.2375 0.5809055 2.2375 0 P 0
L 0.5690945 2.3625 0.5809055 2.3625 0 P 0
L 0.5690945 2.5875 0.5809055 2.5875 0 P 0
L 0.5709253 0.0984252 0.6889173 0.0984252 0 P 0
L 0.575 2.2315945 0.575 2.2434055 0 P 0
L 0.575 2.3565945 0.575 2.3684055 0 P 0
L 0.575 2.5815945 0.575 2.5934055 0 P 0
L 0.5767715 4.575 0.5885825 4.575 0 P 0
L 0.582677 4.5690945 0.582677 4.5809055 0 P 0
L 0.5878445 2.6375 0.5996555 2.6375 0 P 0
L 0.59375 2.6315945 0.59375 2.6434055 0 P 0
L 0.6003445 2.08125 0.6121555 2.08125 0 P 0
L 0.60625 2.0753445 0.60625 2.0871555 0 P 0
L 0.6099213 0.2684252 0.6499213 0.2684252 0 P 0
L 0.6099213 0.3864173 0.6499213 0.3864173 0 P 0
L 0.6299213 0.0394292 0.6299213 0.1574212 0 P 0
L 0.6299213 0.2484252 0.6299213 0.2884252 0 P 0
L 0.6299213 0.3664173 0.6299213 0.4064173 0 P 0
L 0.6315945 2.3625 0.6434055 2.3625 0 P 0
L 0.6315945 2.5875 0.6434055 2.5875 0 P 0
L 0.6375 2.3565945 0.6375 2.3684055 0 P 0
L 0.6375 2.5815945 0.6375 2.5934055 0 P 0
L 0.6378445 2.0375 0.6496555 2.0375 0 P 0
L 0.6397636 4.575 0.6515746 4.575 0 P 0
L 0.64375 2.0315945 0.64375 2.0434055 0 P 0
L 0.6456691 4.5690945 0.6456691 4.5809055 0 P 0
L 0.6503445 2.6375 0.6621555 2.6375 0 P 0
L 0.65625 2.6315945 0.65625 2.6434055 0 P 0
L 0.6565945 4.35625 0.6684055 4.35625 0 P 0
L 0.6625 4.3503445 0.6625 4.3621555 0 P 0
L 0.6690945 2.1625 0.6809055 2.1625 0 P 0
L 0.6690945 2.2875 0.6809055 2.2875 0 P 0
L 0.6712597 4.575 0.6830707 4.575 0 P 0
L 0.675 2.1565945 0.675 2.1684055 0 P 0
L 0.675 2.2815945 0.675 2.2934055 0 P 0
L 0.6771652 4.5690945 0.6771652 4.5809055 0 P 0
L 0.7315945 4.575 0.7434055 4.575 0 P 0
L 0.7375 4.5690945 0.7375 4.5809055 0 P 0
L 0.8065945 2.6375 0.8184055 2.6375 0 P 0
L 0.8125 2.6315945 0.8125 2.6434055 0 P 0
L 0.8128445 4.34375 0.8246555 4.34375 0 P 0
L 0.81875 4.3378445 0.81875 4.3496555 0 P 0
L 0.82874 4.4875 0.840551 4.4875 0 P 0
L 0.8346455 4.4815945 0.8346455 4.4934055 0 P 0
L 0.8440165 4.3313743 0.8558275 4.3313743 0 P 0
L 0.849922 4.3254688 0.849922 4.3372798 0 P 0
L 0.8597677 4.30625 0.8715787 4.30625 0 P 0
L 0.8602361 4.4875 0.8720471 4.4875 0 P 0
L 0.8656732 4.3003445 0.8656732 4.3121555 0 P 0
L 0.8661416 4.4815945 0.8661416 4.4934055 0 P 0
L 0.8690945 2.6375 0.8809055 2.6375 0 P 0
L 0.875 2.6315945 0.875 2.6434055 0 P 0
L 0.8917321 4.39375 0.9035431 4.39375 0 P 0
L 0.8917321 4.575 0.9035431 4.575 0 P 0
L 0.8976376 4.3878445 0.8976376 4.3996555 0 P 0
L 0.8976376 4.5690945 0.8976376 4.5809055 0 P 0
L 0.9027166 3.2937402 1.0735826 3.2937402 0 P 0
L 0.9232282 4.33125 0.9350392 4.33125 0 P 0
L 0.9232282 4.575 0.9350392 4.575 0 P 0
L 0.9291337 4.3253445 0.9291337 4.3371555 0 P 0
L 0.9291337 4.5690945 0.9291337 4.5809055 0 P 0
L 0.9547243 4.39375 0.9665353 4.39375 0 P 0
L 0.9547243 4.575 0.9665353 4.575 0 P 0
L 0.9565945 4.4875 0.9684055 4.4875 0 P 0
L 0.9606298 4.3878445 0.9606298 4.3996555 0 P 0
L 0.9606298 4.5690945 0.9606298 4.5809055 0 P 0
L 0.9625 4.4815945 0.9625 4.4934055 0 P 0
L 0.9862203 4.39375 0.9980313 4.39375 0 P 0
L 0.9862203 4.575 0.9980313 4.575 0 P 0
L 0.9878445 2.6375 0.9996555 2.6375 0 P 0
L 0.9878445 4.30625 0.9996555 4.30625 0 P 0
L 0.9878445 4.49375 0.9996555 4.49375 0 P 0
L 0.9881496 3.2083072 0.9881496 3.3791732 0 P 0
L 0.9921258 4.3878445 0.9921258 4.3996555 0 P 0
L 0.9921258 4.5690945 0.9921258 4.5809055 0 P 0
L 0.99375 2.6315945 0.99375 2.6434055 0 P 0
L 0.99375 4.3003445 0.99375 4.3121555 0 P 0
L 0.99375 4.4878445 0.99375 4.4996555 0 P 0
L 0.9940945 4.5375 1.0059055 4.5375 0 P 0
L 1 4.5315945 1 4.5434055 0 P 0
L 1.0003445 4.3375 1.0121555 4.3375 0 P 0
L 1.00625 4.3315945 1.00625 4.3434055 0 P 0
L 1.0177164 4.575 1.0295274 4.575 0 P 0
L 1.0236219 4.5690945 1.0236219 4.5809055 0 P 0
L 1.0503445 2.39375 1.0621555 2.39375 0 P 0
L 1.0503445 2.6375 1.0621555 2.6375 0 P 0
L 1.05625 2.3878445 1.05625 2.3996555 0 P 0
L 1.05625 2.6315945 1.05625 2.6434055 0 P 0
L 1.0753445 2.35 1.0871555 2.35 0 P 0
L 1.0753445 2.4375 1.0871555 2.4375 0 P 0
L 1.0753445 2.55 1.0871555 2.55 0 P 0
L 1.08125 2.3440945 1.08125 2.3559055 0 P 0
L 1.08125 2.4315945 1.08125 2.4434055 0 P 0
L 1.08125 2.5440945 1.08125 2.5559055 0 P 0
L 1.0827363 0.0984252 1.2007283 0.0984252 0 P 0
L 1.1128445 2.45625 1.1246555 2.45625 0 P 0
L 1.11875 2.4503445 1.11875 2.4621555 0 P 0
L 1.1190945 1.675 1.1309055 1.675 0 P 0
L 1.1217323 0.2684252 1.1617323 0.2684252 0 P 0
L 1.1217323 0.3864173 1.1617323 0.3864173 0 P 0
L 1.125 1.6690945 1.125 1.6809055 0 P 0
L 1.1253445 2.6 1.1371555 2.6 0 P 0
L 1.1253445 2.6375 1.1371555 2.6375 0 P 0
L 1.1289368 4.468504 1.1860234 4.468504 0 P 0
L 1.13125 2.5940945 1.13125 2.6059055 0 P 0
L 1.13125 2.6315945 1.13125 2.6434055 0 P 0
L 1.1417323 0.0394292 1.1417323 0.1574212 0 P 0
L 1.1417323 0.2484252 1.1417323 0.2884252 0 P 0
L 1.1417323 0.3664173 1.1417323 0.4064173 0 P 0
L 1.1574801 4.4399607 1.1574801 4.4970473 0 P 0
L 1.1628445 1.75 1.1746555 1.75 0 P 0
L 1.1628445 2.6375 1.1746555 2.6375 0 P 0
L 1.16875 1.7440945 1.16875 1.7559055 0 P 0
L 1.16875 2.6315945 1.16875 2.6434055 0 P 0
L 1.1690945 2.0875 1.1809055 2.0875 0 P 0
L 1.175 2.0815945 1.175 2.0934055 0 P 0
L 1.1753445 1.975 1.1871555 1.975 0 P 0
L 1.18125 1.9690945 1.18125 1.9809055 0 P 0
L 1.1878445 2.18125 1.1996555 2.18125 0 P 0
L 1.1878445 2.6 1.1996555 2.6 0 P 0
L 1.19375 2.1753445 1.19375 2.1871555 0 P 0
L 1.19375 2.5940945 1.19375 2.6059055 0 P 0
L 1.2065945 1.675 1.2184055 1.675 0 P 0
L 1.2065945 2 1.2184055 2 0 P 0
L 1.2065945 2.08125 1.2184055 2.08125 0 P 0
L 1.2125 1.6690945 1.2125 1.6809055 0 P 0
L 1.2125 1.9940945 1.2125 2.0059055 0 P 0
L 1.2125 2.0753445 1.2125 2.0871555 0 P 0
L 1.2190945 2.2375 1.2309055 2.2375 0 P 0
L 1.2190945 2.3625 1.2309055 2.3625 0 P 0
L 1.2190945 2.5875 1.2309055 2.5875 0 P 0
L 1.225 2.2315945 1.225 2.2434055 0 P 0
L 1.225 2.3565945 1.225 2.3684055 0 P 0
L 1.225 2.5815945 1.225 2.5934055 0 P 0
L 1.2503445 2.08125 1.2621555 2.08125 0 P 0
L 1.25625 2.0753445 1.25625 2.0871555 0 P 0
L 1.2815945 2.3625 1.2934055 2.3625 0 P 0
L 1.2815945 2.5875 1.2934055 2.5875 0 P 0
L 1.2875 2.3565945 1.2875 2.3684055 0 P 0
L 1.2875 2.5815945 1.2875 2.5934055 0 P 0
L 1.2878445 2.0375 1.2996555 2.0375 0 P 0
L 1.29375 2.0315945 1.29375 2.0434055 0 P 0
L 1.3190945 2.1625 1.3309055 2.1625 0 P 0
L 1.3190945 2.2875 1.3309055 2.2875 0 P 0
L 1.325 2.1565945 1.325 2.1684055 0 P 0
L 1.325 2.2815945 1.325 2.2934055 0 P 0
L 1.5551772 0.0984252 1.6731692 0.0984252 0 P 0
L 1.5941732 0.2684252 1.6341732 0.2684252 0 P 0
L 1.5941732 0.3864173 1.6341732 0.3864173 0 P 0
L 1.6141732 0.0394292 1.6141732 0.1574212 0 P 0
L 1.6141732 0.2484252 1.6141732 0.2884252 0 P 0
L 1.6141732 0.3664173 1.6141732 0.4064173 0 P 0
L 1.6440945 2.6375 1.6559055 2.6375 0 P 0
L 1.65 2.6315945 1.65 2.6434055 0 P 0
L 1.7065945 2.39375 1.7184055 2.39375 0 P 0
L 1.7065945 2.6375 1.7184055 2.6375 0 P 0
L 1.7125 2.3878445 1.7125 2.3996555 0 P 0
L 1.7125 2.6315945 1.7125 2.6434055 0 P 0
L 1.7315945 2.35 1.7434055 2.35 0 P 0
L 1.7315945 2.4375 1.7434055 2.4375 0 P 0
L 1.7315945 2.55 1.7434055 2.55 0 P 0
L 1.7375 2.3440945 1.7375 2.3559055 0 P 0
L 1.7375 2.4315945 1.7375 2.4434055 0 P 0
L 1.7375 2.5440945 1.7375 2.5559055 0 P 0
L 1.7690945 2.45625 1.7809055 2.45625 0 P 0
L 1.7690945 2.6375 1.7809055 2.6375 0 P 0
L 1.775 2.4503445 1.775 2.4621555 0 P 0
L 1.775 2.6315945 1.775 2.6434055 0 P 0
L 1.7753445 1.675 1.7871555 1.675 0 P 0
L 1.78125 1.6690945 1.78125 1.6809055 0 P 0
L 1.8190945 1.75 1.8309055 1.75 0 P 0
L 1.825 1.7440945 1.825 1.7559055 0 P 0
L 1.8253445 2.0875 1.8371555 2.0875 0 P 0
L 1.83125 2.0815945 1.83125 2.0934055 0 P 0
L 1.8315945 1.975 1.8434055 1.975 0 P 0
L 1.8315945 2.6375 1.8434055 2.6375 0 P 0
L 1.8375 1.9690945 1.8375 1.9809055 0 P 0
L 1.8375 2.6315945 1.8375 2.6434055 0 P 0
L 1.8440945 2.18125 1.8559055 2.18125 0 P 0
L 1.85 2.1753445 1.85 2.1871555 0 P 0
L 1.8628445 1.675 1.8746555 1.675 0 P 0
L 1.8628445 2 1.8746555 2 0 P 0
L 1.8628445 2.08125 1.8746555 2.08125 0 P 0
L 1.86875 1.6690945 1.86875 1.6809055 0 P 0
L 1.86875 1.9940945 1.86875 2.0059055 0 P 0
L 1.86875 2.0753445 1.86875 2.0871555 0 P 0
L 1.8753445 2.2375 1.8871555 2.2375 0 P 0
L 1.8753445 2.3625 1.8871555 2.3625 0 P 0
L 1.8753445 2.5875 1.8871555 2.5875 0 P 0
L 1.88125 2.2315945 1.88125 2.2434055 0 P 0
L 1.88125 2.3565945 1.88125 2.3684055 0 P 0
L 1.88125 2.5815945 1.88125 2.5934055 0 P 0
L 1.8940945 2.6375 1.9059055 2.6375 0 P 0
L 1.9 2.6315945 1.9 2.6434055 0 P 0
L 1.9065945 2.08125 1.9184055 2.08125 0 P 0
L 1.9125 2.0753445 1.9125 2.0871555 0 P 0
L 1.9378445 2.3625 1.9496555 2.3625 0 P 0
L 1.9378445 2.5875 1.9496555 2.5875 0 P 0
L 1.94375 2.3565945 1.94375 2.3684055 0 P 0
L 1.94375 2.5815945 1.94375 2.5934055 0 P 0
L 1.9440945 2.0375 1.9559055 2.0375 0 P 0
L 1.95 2.0315945 1.95 2.0434055 0 P 0
L 1.9565945 2.6375 1.9684055 2.6375 0 P 0
L 1.9625 2.6315945 1.9625 2.6434055 0 P 0
L 1.9753445 2.1625 1.9871555 2.1625 0 P 0
L 1.9753445 2.2875 1.9871555 2.2875 0 P 0
L 1.98125 2.1565945 1.98125 2.1684055 0 P 0
L 1.98125 2.2815945 1.98125 2.2934055 0 P 0
L 2.0669883 0.0984252 2.1849803 0.0984252 0 P 0
L 2.1059843 0.2684252 2.1459843 0.2684252 0 P 0
L 2.1059843 0.3864173 2.1459843 0.3864173 0 P 0
L 2.1259843 0.0394292 2.1259843 0.1574212 0 P 0
L 2.1259843 0.2484252 2.1259843 0.2884252 0 P 0
L 2.1259843 0.3664173 2.1259843 0.4064173 0 P 0
L 2.2940945 2.6375 2.3059055 2.6375 0 P 0
L 2.3 2.6315945 2.3 2.6434055 0 P 0
L 2.3565945 2.39375 2.3684055 2.39375 0 P 0
L 2.3565945 2.6375 2.3684055 2.6375 0 P 0
L 2.3625 2.3878445 2.3625 2.3996555 0 P 0
L 2.3625 2.6315945 2.3625 2.6434055 0 P 0
L 2.3815945 2.35 2.3934055 2.35 0 P 0
L 2.3815945 2.4375 2.3934055 2.4375 0 P 0
L 2.3815945 2.55 2.3934055 2.55 0 P 0
L 2.3875 2.3440945 2.3875 2.3559055 0 P 0
L 2.3875 2.4315945 2.3875 2.4434055 0 P 0
L 2.3875 2.5440945 2.3875 2.5559055 0 P 0
L 2.4190945 2.45625 2.4309055 2.45625 0 P 0
L 2.425 2.4503445 2.425 2.4621555 0 P 0
L 2.4253445 1.675 2.4371555 1.675 0 P 0
L 2.43125 1.6690945 2.43125 1.6809055 0 P 0
L 2.4315945 2.6 2.4434055 2.6 0 P 0
L 2.4315945 2.6375 2.4434055 2.6375 0 P 0
L 2.4375 2.5940945 2.4375 2.6059055 0 P 0
L 2.4375 2.6315945 2.4375 2.6434055 0 P 0
L 2.4690945 1.75 2.4809055 1.75 0 P 0
L 2.4690945 2.6375 2.4809055 2.6375 0 P 0
L 2.472441 0.1968504 2.6456692 0.1968504 0 P 0
L 2.472441 4.5275591 2.6456692 4.5275591 0 P 0
L 2.475 1.7440945 2.475 1.7559055 0 P 0
L 2.475 2.6315945 2.475 2.6434055 0 P 0
L 2.4753445 2.0875 2.4871555 2.0875 0 P 0
L 2.48125 2.0815945 2.48125 2.0934055 0 P 0
L 2.4815945 1.975 2.4934055 1.975 0 P 0
L 2.4875 1.9690945 2.4875 1.9809055 0 P 0
L 2.4940945 2.18125 2.5059055 2.18125 0 P 0
L 2.4940945 2.6 2.5059055 2.6 0 P 0
L 2.5 2.1753445 2.5 2.1871555 0 P 0
L 2.5 2.5940945 2.5 2.6059055 0 P 0
L 2.5128445 1.675 2.5246555 1.675 0 P 0
L 2.5128445 2 2.5246555 2 0 P 0
L 2.5128445 2.08125 2.5246555 2.08125 0 P 0
L 2.51875 1.6690945 2.51875 1.6809055 0 P 0
L 2.51875 1.9940945 2.51875 2.0059055 0 P 0
L 2.51875 2.0753445 2.51875 2.0871555 0 P 0
L 2.5253445 2.2375 2.5371555 2.2375 0 P 0
L 2.5253445 2.3625 2.5371555 2.3625 0 P 0
L 2.5253445 2.5875 2.5371555 2.5875 0 P 0
L 2.53125 2.2315945 2.53125 2.2434055 0 P 0
L 2.53125 2.3565945 2.53125 2.3684055 0 P 0
L 2.53125 2.5815945 2.53125 2.5934055 0 P 0
L 2.5565945 2.08125 2.5684055 2.08125 0 P 0
L 2.5590551 0.1102363 2.5590551 0.2834645 0 P 0
L 2.5590551 4.440945 2.5590551 4.6141732 0 P 0
L 2.5625 2.0753445 2.5625 2.0871555 0 P 0
L 2.5878445 2.3625 2.5996555 2.3625 0 P 0
L 2.5878445 2.5875 2.5996555 2.5875 0 P 0
L 2.59375 2.3565945 2.59375 2.3684055 0 P 0
L 2.59375 2.5815945 2.59375 2.5934055 0 P 0
L 2.5940945 2.0375 2.6059055 2.0375 0 P 0
L 2.6 2.0315945 2.6 2.0434055 0 P 0
L 2.6253445 2.1625 2.6371555 2.1625 0 P 0
L 2.6253445 2.2875 2.6371555 2.2875 0 P 0
L 2.63125 2.1565945 2.63125 2.1684055 0 P 0
L 2.63125 2.2815945 2.63125 2.2934055 0 P 0
