#Layer_Physical_Order=5
#Layer_Color=16737945
#
#Feature symbol names
#
$0 r6
$1 r16
$2 r4
$3 r98.4252
$4 r60
$5 r21.6535
$6 r17.7165

#
#Feature attribute names
#
@0 .geometry
@1 .pad_usage
@2 .nomenclature
@3 .string
@4 .string_angle

#
#Feature attribute text strings
#
&0 Pad_Simple_X98.4252Y98.4252H66.9291C106.9291
&1 Pad_Simple_X60.0000Y60.0000H40.0000C80.0000
&2 VIA_RoundD21.6535H11.8110C51.8110
&3 VIA_RoundD17.7165H7.8740C47.8740

#
#Layer features
#
A 1.4817756 1.5633614 1.4817756 1.5633607 1.4877757 1.563361 0 P 0 N
A 1.4817757 1.56476 1.48125 1.5861734 1.4625 1.575 0 P 0 N
A 1.49375 1.5815316 1.4938337 1.5805808 1.4997499 1.5815806 0 P 0 N
A 1.494102 1.5708847 1.494102 1.5708827 1.5001021 1.570883 0 P 0 N
A 1.4941021 1.5712247 1.4938337 1.5805808 1.4625 1.575 0 P 0 N
L 1.21875 2.33125 1.21875 3.425 1 P 0
L 1.21875 2.33125 1.4375 2.1125 1 P 0
L 1.21875 3.425 2.425 4.63125 1 P 0
L 1.24375 2.56875 1.24375 3.4175 1 P 0
L 1.24375 2.56875 1.51875 2.29375 1 P 0
L 1.24375 3.4175 2.4325 4.60625 1 P 0
L 1.48125 1.5861734 1.48125 1.825 0 P 0
L 1.48125 1.825 1.5875 1.93125 0 P 0
L 1.4817756 1.5633607 1.4817757 1.5608759 0 P 0
L 1.4817756 1.5633614 1.4817757 1.56476 0 P 0
L 1.4817757 1.5608759 1.63125 1.4114016 0 P 0
L 1.49375 1.5815316 1.49375 1.8203921 0 P 0
L 1.49375 1.8203921 1.5921079 1.91875 0 P 0
L 1.494102 1.5708827 1.4941021 1.5683979 0 P 0
L 1.494102 1.5708847 1.4941021 1.5712247 0 P 0
L 1.4941021 1.5683979 1.64375 1.41875 0 P 0
L 1.50625 1.575 1.50625 1.81875 0 P 0
L 1.50625 1.575 1.65625 1.425 0 P 0
L 1.50625 1.81875 1.59375 1.90625 0 P 0
L 1.51875 2.29375 1.73125 2.29375 1 P 0
L 1.5875 1.93125 1.98125 1.93125 0 P 0
L 1.5921079 1.91875 1.975 1.91875 0 P 0
L 1.59375 1.90625 1.95625 1.90625 0 P 0
L 1.63125 1.28125 1.63125 1.4114016 0 P 0
L 1.63125 1.28125 1.74375 1.16875 0 P 0
L 1.64375 1.2875 1.64375 1.41875 0 P 0
L 1.64375 1.2875 1.7594232 1.1718268 0 P 0
L 1.65625 1.29375 1.65625 1.425 0 P 0
L 1.65625 1.29375 1.7625 1.1875 0 P 0
L 1.74375 1.14375 1.74375 1.16875 0 P 0
L 1.74375 1.14375 1.8155715 1.0719285 0 P 0
L 1.7594232 1.1468268 1.7594232 1.1718268 0 P 0
L 1.7594232 1.1468268 1.775 1.13125 0 P 0
L 1.7625 1.1875 1.84375 1.1875 0 P 0
L 1.775 1.13125 1.86875 1.13125 0 P 0
L 1.8155715 1.0719285 1.8552082 1.0719285 0 P 0
L 1.8293247 3.1586141 1.8293247 3.9605748 1 P 0
L 1.8293247 3.1586141 1.9268268 3.061112 1 P 0
L 1.8293247 3.9605748 2.3249999 4.45625 1 P 0
L 1.84375 1.1875 1.86875 1.1625 0 P 0
L 1.84375 2.3 1.84375 2.6397826 1 P 0
L 1.84375 2.6397826 1.9268268 2.7228594 1 P 0
L 1.86875 1.13125 1.9 1.1625 0 P 0
L 1.91875 1.85625 1.95 1.85625 0 P 0
L 1.9268268 2.7228594 1.9268268 3.061112 1 P 0
L 1.95 1.85625 1.9875 1.81875 0 P 0
L 1.95625 1.90625 2.04375 1.81875 0 P 0
L 1.975 1.91875 2.06875 1.825 0 P 0
L 1.98125 1.93125 2.025 1.8875 0 P 0
L 1.9875 1.7875 1.9875 1.81875 0 P 0
L 1.9875 1.7875 2.03125 1.74375 0 P 0
L 2.01875 1.6770268 2.0520268 1.6770268 0 P 0
L 2.01875 1.79375 2.05625 1.75625 0 P 0
L 2.025 1.8875 2.33125 1.8875 0 P 0
L 2.03125 1.74375 2.0777402 1.74375 0 P 0
L 2.04375 1.7875 2.04375 1.81875 0 P 0
L 2.04375 1.7875 2.0625 1.76875 0 P 0
L 2.04375 1.9625 2.10625 1.9 0 P 0
L 2.0445374 2.0132874 2.1453248 1.9125 0 P 0
L 2.0520268 1.6770268 2.0777402 1.7027402 0 P 0
L 2.05625 1.75625 2.1 1.75625 0 P 0
L 2.0625 1.76875 2.09375 1.76875 0 P 0
L 2.06875 1.79375 2.06875 1.825 0 P 0
L 2.06875 1.79375 2.1 1.79375 0 P 0
L 2.0777402 1.7027402 2.0777402 1.74375 0 P 0
L 2.0777402 1.74375 2.29375 1.74375 0 P 0
L 2.09375 1.76875 2.175 1.85 0 P 0
L 2.1 1.75625 2.1469232 1.8031732 0 P 0
L 2.1 1.79375 2.16875 1.8625 0 P 0
L 2.10625 1.9 2.375 1.9 0 P 0
L 2.11875 1.85 2.14375 1.875 0 P 0
L 2.14375 1.875 2.325 1.875 0 P 0
L 2.1453248 1.9125 2.36875 1.9125 0 P 0
L 2.1469232 1.8031732 2.3281732 1.8031732 0 P 0
L 2.16875 1.8625 2.31875 1.8625 0 P 0
L 2.175 1.85 2.3125 1.85 0 P 0
L 2.29375 1.74375 2.3125 1.7625 0 P 0
L 2.3125 1.7625 3.55625 1.7625 0 P 0
L 2.3125 1.85 2.3375 1.825 0 P 0
L 2.31875 1.8625 2.34375 1.8375 0 P 0
L 2.3249999 4.45625 2.325 4.45625 1 P 0
L 2.325 1.875 2.35 1.85 0 P 0
L 2.3281732 1.8031732 2.3375 1.8125 0 P 0
L 2.33125 1.8875 2.35625 1.8625 0 P 0
L 2.3375 1.8125 3.075 1.8125 0 P 0
L 2.3375 1.825 3.06875 1.825 0 P 0
L 2.34375 1.8375 3.0625 1.8375 0 P 0
L 2.35 1.85 3.05625 1.85 0 P 0
L 2.35625 1.8625 3.05 1.8625 0 P 0
L 2.36875 1.9125 2.38125 1.925 0 P 0
L 2.375 1.9 2.3875 1.9125 0 P 0
L 2.38125 1.925 2.43125 1.925 0 P 0
L 2.3875 1.9125 2.425 1.9125 0 P 0
L 2.40625 1.8875 2.41875 1.875 0 P 0
L 2.41875 1.875 3.04375 1.875 0 P 0
L 2.425 1.9125 2.45 1.8875 0 P 0
L 2.425 4.63125 4.09375 4.63125 1 P 0
L 2.43125 1.925 2.45625 1.9 0 P 0
L 2.4325 4.60625 4.043795 4.60625 1 P 0
L 2.45 1.8875 2.6378823 1.8875 0 P 0
L 2.45625 1.9 2.6308677 1.9 0 P 0
L 2.51875 4.21875 2.51875 4.2453207 1 P 0
L 2.51875 4.21875 2.525 4.2125 1 P 0
L 2.525 3.175 2.525 4.2125 1 P 0
L 2.525 3.175 2.70625 2.99375 1 P 0
L 2.55 3.1875 2.55 4.31875 1 P 0
L 2.55 3.1875 2.73125 3.00625 1 P 0
L 2.60625 2.43125 2.60625 2.775 1 P 0
L 2.60625 2.43125 2.63125 2.40625 1 P 0
L 2.60625 2.775 2.70625 2.875 1 P 0
L 2.6308677 1.9 2.6683677 1.9375 0 P 0
L 2.63125 1.93125 2.6625 1.9625 1 P 0
L 2.63125 2.2125 2.63125 2.40625 1 P 0
L 2.63125 2.44375 2.63125 2.7625 1 P 0
L 2.63125 2.44375 2.6625 2.4125 1 P 0
L 2.63125 2.7625 2.73125 2.8625 1 P 0
L 2.6378823 1.8875 2.6753823 1.925 0 P 0
L 2.6625 1.9625 2.6625 2.4125 1 P 0
L 2.6683677 1.9375 2.89375 1.9375 0 P 0
L 2.6753823 1.925 2.95625 1.925 0 P 0
L 2.70625 2.875 2.70625 2.99375 1 P 0
L 2.7241142 4.38125 2.7678642 4.3375 0 P 0
L 2.73125 2.8625 2.73125 3.00625 1 P 0
L 2.7678642 4.25625 2.7928642 4.23125 0 P 0
L 2.7678642 4.3375 3.6929916 4.3375 0 P 0
L 2.7871063 4.28125 2.83125 4.28125 0 P 0
L 2.7928642 4.23125 2.99375 4.23125 0 P 0
L 2.81875 4.25625 2.83125 4.24375 0 P 0
L 2.81875 4.3156732 2.8370315 4.3156732 0 P 0
L 2.83125 4.24375 3.0010827 4.24375 0 P 0
L 2.83125 4.28125 2.8625 4.3125 0 P 0
L 2.8370315 4.3156732 2.8463583 4.325 0 P 0
L 2.84375 1.39375 2.93125 1.30625 0 P 0
L 2.8463583 4.325 2.9950788 4.325 0 P 0
L 2.85 0.95 2.85 1.25 0 P 0
L 2.85 0.95 2.91875 0.88125 0 P 0
L 2.85 1.25 2.875 1.275 0 P 0
L 2.8625 4.3125 2.9874996 4.3125 0 P 0
L 2.871752 4.28125 2.890502 4.3 0 P 0
L 2.875 1.54375 2.9168811 1.5018689 0 P 0
L 2.8875 1.36875 2.8875 1.49375 0 P 0
L 2.8875 1.36875 2.94375 1.3125 0 P 0
L 2.890502 4.3 2.9825788 4.3 0 P 0
L 2.89375 1.9375 2.95 1.99375 0 P 0
L 2.9 0.91875 2.9 0.98125 0 P 0
L 2.9 0.91875 2.925 0.89375 0 P 0
L 2.9 0.98125 2.93125 1.0125 0 P 0
L 2.90625 4.275 2.9885827 4.275 0 P 0
L 2.9125 0.925 2.9125 0.975 0 P 0
L 2.9125 0.925 2.93125 0.90625 0 P 0
L 2.9125 0.975 2.94375 1.00625 0 P 0
L 2.9125 3.34375 2.9125 3.5625 0 P 0
L 2.9125 3.5625 3.19375 3.84375 0 P 0
L 2.9168811 1.3706189 2.9168811 1.5018689 0 P 0
L 2.9168811 1.3706189 2.9968268 1.2906732 0 P 0
L 2.91875 0.88125 3.1062499 0.88125 0 P 0
L 2.925 0.89375 3.0749999 0.89375 0 P 0
L 2.93125 0.90625 3.0437499 0.90625 0 P 0
L 2.93125 1.0125 2.93125 1.30625 0 P 0
L 2.94375 1.00625 2.94375 1.3125 0 P 0
L 2.94375 4.20625 2.980243 4.20625 0 P 0
L 2.95 1.99375 3.3375 1.99375 0 P 0
L 2.95625 1.925 2.99375 1.9625 0 P 0
L 2.975 4.16875 3.05 4.09375 0 P 0
L 2.975 4.43125 2.975 4.5 0 P 0
L 2.975 4.43125 3.04375 4.3625 0 P 0
L 2.9760827 4.38125 3.0073327 4.35 0 P 0
L 2.980243 4.20625 2.986493 4.2 0 P 0
L 2.9825788 4.3 3.0325788 4.25 0 P 0
L 2.986493 4.2 3.04375 4.2 0 P 0
L 2.9874996 4.3125 3.0374996 4.2625 0 P 0
L 2.9885827 4.275 3.0260827 4.2375 0 P 0
L 2.99375 1.58125 3.01875 1.60625 0 P 0
L 2.99375 1.9625 3.35 1.9625 0 P 0
L 2.99375 4.23125 3.0125 4.2125 0 P 0
L 2.9950788 4.325 3.0450788 4.275 0 P 0
L 2.9968268 0.9844233 2.9968268 1.2906732 0 P 0
L 2.9968268 0.9844233 3.0375 0.9437501 0 P 0
L 3.0010827 4.24375 3.0198327 4.225 0 P 0
L 3.0073327 4.35 3.7 4.35 0 P 0
L 3.0125 4.2125 3.1434055 4.2125 0 P 0
L 3.01875 1.60625 3.7875 1.60625 0 P 0
L 3.01875 4.1781732 3.0450788 4.1781732 0 P 0
L 3.0198327 4.225 3.1371555 4.225 0 P 0
L 3.0260827 4.2375 3.1309055 4.2375 0 P 0
L 3.03125 2.45625 3.075 2.45625 0 P 0
L 3.0325788 4.25 3.121063 4.25 0 P 0
L 3.0374996 4.2625 3.1112205 4.2625 0 P 0
L 3.0390748 4.3156732 3.0607284 4.3156732 0 P 0
L 3.0437499 0.90625 3.08125 0.9437501 0 P 0
L 3.04375 1.875 3.075 1.90625 0 P 0
L 3.04375 4.2 3.125 4.11875 0 P 0
L 3.04375 4.3625 3.7059716 4.3625 0 P 0
L 3.0450788 4.1781732 3.117002 4.10625 0 P 0
L 3.0450788 4.275 3.1 4.275 0 P 0
L 3.05 1.8625 3.08125 1.89375 0 P 0
L 3.05 4.09375 3.2 4.09375 0 P 0
L 3.05625 1.85 3.0875 1.88125 0 P 0
L 3.0607284 4.3156732 3.0700552 4.325 0 P 0
L 3.0625 1.8375 3.09375 1.86875 0 P 0
L 3.06875 1.825 3.1 1.85625 0 P 0
L 3.0700552 4.325 3.2758858 4.325 0 P 0
L 3.0749999 0.89375 3.125 0.9437501 0 P 0
L 3.075 1.8125 3.10625 1.84375 0 P 0
L 3.075 1.90625 3.19375 1.90625 0 P 0
L 3.075 2.45625 3.24375 2.625 0 P 0
L 3.08125 1.89375 3.2 1.89375 0 P 0
L 3.0875 1.88125 3.20625 1.88125 0 P 0
L 3.0875 4.3 3.1 4.3125 0 P 0
L 3.09375 1.86875 3.2125 1.86875 0 P 0
L 3.1 1.85625 3.21875 1.85625 0 P 0
L 3.1 4.1875 3.2625 4.1875 0 P 0
L 3.1 4.275 3.125 4.3 0 P 0
L 3.1 4.3125 3.2696358 4.3125 0 P 0
L 3.1062499 0.88125 3.16875 0.9437501 0 P 0
L 3.10625 1.84375 3.225 1.84375 0 P 0
L 3.1112205 4.2625 3.1362205 4.2875 0 P 0
L 3.117002 4.10625 3.2094232 4.10625 0 P 0
L 3.121063 4.25 3.146063 4.275 0 P 0
L 3.125 4.11875 3.21875 4.11875 0 P 0
L 3.125 4.1656732 3.2602126 4.1656732 0 P 0
L 3.125 4.3 3.2653543 4.3 0 P 0
L 3.1309055 4.2375 3.1559055 4.2625 0 P 0
L 3.1362205 4.2875 3.2597933 4.2875 0 P 0
L 3.1371555 4.225 3.1621555 4.25 0 P 0
L 3.1434055 4.2125 3.1684055 4.2375 0 P 0
L 3.146063 4.275 3.2528543 4.275 0 P 0
L 3.1559055 4.2625 3.2446358 4.2625 0 P 0
L 3.15625 4.14375 3.2633858 4.14375 0 P 0
L 3.1621555 4.25 3.2383858 4.25 0 P 0
L 3.1684055 4.2375 3.2285433 4.2375 0 P 0
L 3.18125 4.0719232 3.1968268 4.0719232 0 P 0
L 3.19375 1.90625 3.2375 1.95 0 P 0
L 3.1968268 4.0719232 3.23125 4.0375 0 P 0
L 3.2 1.89375 3.24375 1.9375 0 P 0
L 3.2 4.0375 3.2125 4.025 0 P 0
L 3.2 4.09375 3.24375 4.05 0 P 0
L 3.20625 1.88125 3.25 1.925 0 P 0
L 3.2094232 4.10625 3.2531732 4.0625 0 P 0
L 3.2125 1.86875 3.25625 1.9125 0 P 0
L 3.2125 4.025 3.31875 4.025 0 P 0
L 3.21875 1.85625 3.2625 1.9 0 P 0
L 3.21875 4.11875 3.2625 4.075 0 P 0
L 3.225 1.84375 3.26875 1.8875 0 P 0
L 3.2285433 4.2375 3.2785433 4.1875 0 P 0
L 3.23125 4.0031732 3.2312502 4.0031732 0 P 0
L 3.23125 4.0375 3.325 4.0375 0 P 0
L 3.2312502 4.0031732 3.240577 4.0125 0 P 0
L 3.2375 1.95 3.34375 1.95 0 P 0
L 3.2383858 4.25 3.2883858 4.2 0 P 0
L 3.240577 4.0125 3.3125 4.0125 0 P 0
L 3.24375 1.9375 3.3375 1.9375 0 P 0
L 3.24375 2.625 4.1 2.625 0 P 0
L 3.24375 4.05 3.33125 4.05 0 P 0
L 3.2446358 4.2625 3.2946358 4.2125 0 P 0
L 3.25 1.925 3.33125 1.925 0 P 0
L 3.2528543 4.275 3.3028543 4.225 0 P 0
L 3.2531732 4.0625 3.3375 4.0625 0 P 0
L 3.25625 1.9125 3.325 1.9125 0 P 0
L 3.2597933 4.2875 3.3097933 4.2375 0 P 0
L 3.2602126 4.1656732 3.2946358 4.13125 0 P 0
L 3.2625 1.9 3.31875 1.9 0 P 0
L 3.2625 4.075 3.34375 4.075 0 P 0
L 3.2625 4.1875 3.3070084 4.1429916 0 P 0
L 3.2633858 4.14375 3.2883858 4.11875 0 P 0
L 3.2653543 4.3 3.3153543 4.25 0 P 0
L 3.26875 1.8875 3.3125 1.8875 0 P 0
L 3.2696358 4.3125 3.3196358 4.2625 0 P 0
L 3.2758858 4.325 3.3258858 4.275 0 P 0
L 3.2785433 4.1875 3.3817833 4.1875 0 P 0
L 3.28125 4.0969232 3.3530768 4.0969232 0 P 0
L 3.2883858 4.11875 3.4773622 4.11875 0 P 0
L 3.2883858 4.2 3.3888544 4.2 0 P 0
L 3.29375 3.9906732 3.3155768 3.9906732 0 P 0
L 3.2946358 4.13125 3.4899316 4.13125 0 P 0
L 3.2946358 4.2125 3.3951044 4.2125 0 P 0
L 3.3028543 4.225 3.4013544 4.225 0 P 0
L 3.3070084 4.1429916 3.5007584 4.1429916 0 P 0
L 3.3097933 4.2375 3.4076044 4.2375 0 P 0
L 3.3125 1.8875 3.35 1.85 0 P 0
L 3.3125 2.29375 3.375 2.35625 1 P 0
L 3.3125 4.0125 3.325 4 0 P 0
L 3.3153543 4.25 3.4170276 4.25 0 P 0
L 3.3155768 3.9906732 3.31875 3.9875 0 P 0
L 3.31875 1.9 3.35625 1.8625 0 P 0
L 3.31875 3.9875 3.43125 3.9875 0 P 0
L 3.31875 4.025 3.33125 4.0125 0 P 0
L 3.3196358 4.2625 3.4013544 4.2625 0 P 0
L 3.3225394 4.3156732 3.3389015 4.3156732 0 P 0
L 3.325 1.9125 3.3625 1.875 0 P 0
L 3.325 4 3.4375 4 0 P 0
L 3.325 4.0375 3.3375 4.025 0 P 0
L 3.3258858 4.275 3.3951044 4.275 0 P 0
L 3.33125 1.925 3.36875 1.8875 0 P 0
L 3.33125 4.0125 3.44375 4.0125 0 P 0
L 3.33125 4.05 3.34375 4.0375 0 P 0
L 3.3375 1.9375 3.375 1.9 0 P 0
L 3.3375 1.99375 3.3905768 1.9406732 0 P 0
L 3.3375 4.025 3.45 4.025 0 P 0
L 3.3375 4.0625 3.35 4.05 0 P 0
L 3.3389015 4.3156732 3.3482283 4.325 0 P 0
L 3.34375 1.95 3.38125 1.9125 0 P 0
L 3.34375 4.0375 3.45625 4.0375 0 P 0
L 3.34375 4.075 3.35625 4.0625 0 P 0
L 3.3482283 4.325 3.6859832 4.325 0 P 0
L 3.35 1.85 3.45 1.85 0 P 0
L 3.35 1.9625 3.3875 1.925 0 P 0
L 3.35 4.05 3.4625 4.05 0 P 0
L 3.3530768 4.0969232 3.375 4.075 0 P 0
L 3.35625 1.8625 3.44375 1.8625 0 P 0
L 3.35625 4.0625 3.4718268 4.0625 0 P 0
L 3.3625 1.875 3.4375 1.875 0 P 0
L 3.36875 1.8875 3.43125 1.8875 0 P 0
L 3.375 1.9 3.425 1.9 0 P 0
L 3.375 2.35625 3.5816888 2.35625 1 P 0
L 3.375 4.075 3.48125 4.075 0 P 0
L 3.375 4.3 3.4013544 4.3 0 P 0
L 3.38125 1.9125 3.41875 1.9125 0 P 0
L 3.3817833 4.1875 3.4067833 4.1625 0 P 0
L 3.3875 1.925 3.4125 1.925 0 P 0
L 3.3875 4.0969232 3.4780768 4.0969232 0 P 0
L 3.3888544 4.2 3.4146755 4.1741789 0 P 0
L 3.3905768 1.9406732 3.4094232 1.9406732 0 P 0
L 3.3951044 4.2125 3.4201044 4.1875 0 P 0
L 3.3951044 4.275 3.4201044 4.3 0 P 0
L 3.4013544 4.225 3.4263544 4.2 0 P 0
L 3.4013544 4.2625 3.4263544 4.2875 0 P 0
L 3.4013544 4.3 3.4138544 4.3125 0 P 0
L 3.4067833 4.1625 3.4773622 4.1625 0 P 0
L 3.4076044 4.2375 3.4326044 4.2125 0 P 0
L 3.4094232 1.9406732 3.44375 1.975 0 P 0
L 3.4125 1.925 3.45 1.9625 0 P 0
L 3.4125 3.9656732 3.43125 3.9656732 0 P 0
L 3.4138544 4.3125 3.6789749 4.3125 0 P 0
L 3.4146755 4.1741789 3.4836816 4.1741789 0 P 0
L 3.4170276 4.25 3.4420276 4.225 0 P 0
L 3.41875 1.9125 3.45625 1.95 0 P 0
L 3.4201044 4.1875 3.49375 4.1875 0 P 0
L 3.4201044 4.3 3.6719665 4.3 0 P 0
L 3.425 1.9 3.4625 1.9375 0 P 0
L 3.425 2.3 3.4580768 2.3330768 1 P 0
L 3.4263544 4.2 3.4993548 4.2 0 P 0
L 3.4263544 4.2875 3.6649581 4.2875 0 P 0
L 3.43125 1.8875 3.46875 1.925 0 P 0
L 3.43125 3.9656732 3.4406732 3.95625 0 P 0
L 3.43125 3.9875 3.45 3.96875 0 P 0
L 3.4326044 4.2125 3.4836816 4.2125 0 P 0
L 3.4375 1.875 3.475 1.9125 0 P 0
L 3.4375 4 3.45625 3.98125 0 P 0
L 3.4386811 4.2625 3.4511811 4.275 0 P 0
L 3.4406732 3.95625 3.6375 3.95625 0 P 0
L 3.4420276 4.225 3.4773622 4.225 0 P 0
L 3.44375 1.8625 3.48125 1.9 0 P 0
L 3.44375 1.975 3.6875 1.975 0 P 0
L 3.44375 4.0125 3.4625 3.99375 0 P 0
L 3.45 1.85 3.4875 1.8875 0 P 0
L 3.45 1.9625 3.69375 1.9625 0 P 0
L 3.45 3.96875 3.63125 3.96875 0 P 0
L 3.45 4.025 3.46875 4.00625 0 P 0
L 3.4511811 4.275 3.6579498 4.275 0 P 0
L 3.45625 1.95 3.71875 1.95 0 P 0
L 3.45625 3.98125 3.625 3.98125 0 P 0
L 3.45625 4.0375 3.475 4.01875 0 P 0
L 3.4580768 2.3330768 3.567362 2.3330768 1 P 0
L 3.4625 1.9375 3.5875 1.9375 0 P 0
L 3.4625 3.99375 3.61875 3.99375 0 P 0
L 3.4625 4.05 3.48125 4.03125 0 P 0
L 3.46875 1.925 3.58125 1.925 0 P 0
L 3.46875 4.00625 3.6125 4.00625 0 P 0
L 3.46875 4.25 3.48125 4.2625 0 P 0
L 3.4718268 4.0625 3.4905768 4.04375 0 P 0
L 3.475 1.9125 3.575 1.9125 0 P 0
L 3.475 4.01875 3.60625 4.01875 0 P 0
L 3.4773622 4.11875 3.5148622 4.08125 0 P 0
L 3.4773622 4.1625 3.4843707 4.1554915 0 P 0
L 3.4773622 4.225 3.5023622 4.25 0 P 0
L 3.4780768 4.0969232 3.50625 4.06875 0 P 0
L 3.48125 1.9 3.56875 1.9 0 P 0
L 3.48125 4.03125 3.6000001 4.03125 0 P 0
L 3.48125 4.075 3.5 4.05625 0 P 0
L 3.48125 4.2625 3.6521452 4.2625 0 P 0
L 3.4836816 4.1741789 3.4898689 4.1679916 0 P 0
L 3.4836816 4.2125 3.5086816 4.2375 0 P 0
L 3.4843707 4.1554915 4.8445084 4.1554915 0 P 0
L 3.4875 1.8875 3.5625 1.8875 0 P 0
L 3.4898689 4.1679916 4.8496861 4.1679916 0 P 0
L 3.4899316 4.13125 3.5274316 4.09375 0 P 0
L 3.4905768 4.04375 3.59375 4.04375 0 P 0
L 3.49375 4.1875 3.5007584 4.1804916 0 P 0
L 3.4993548 4.2 3.5086816 4.1906732 0 P 0
L 3.5 4.05625 3.5875001 4.05625 0 P 0
L 3.5007584 4.1429916 3.5375 4.10625 0 P 0
L 3.5007584 4.1804916 4.8548637 4.1804916 0 P 0
L 3.5023622 4.25 3.6451368 4.25 0 P 0
L 3.50625 4.06875 3.58125 4.06875 0 P 0
L 3.5086816 4.1906732 3.5362536 4.1906732 0 P 0
L 3.5086816 4.2375 3.6381284 4.2375 0 P 0
L 3.5148622 4.08125 3.5750001 4.08125 0 P 0
L 3.5213582 4.2125 3.6403341 4.2125 0 P 0
L 3.5274316 4.09375 3.5625 4.09375 0 P 0
L 3.5362536 4.1906732 3.5385719 4.1929915 0 P 0
L 3.5375 4.10625 3.55625 4.10625 0 P 0
L 3.5385719 4.1929915 4.8600414 4.1929915 0 P 0
L 3.54375 4.13125 3.5554916 4.1429916 0 P 0
L 3.5554916 4.1429916 4.8382583 4.1429916 0 P 0
L 3.55625 1.7625 3.575 1.78125 0 P 0
L 3.55625 4.10625 3.58125 4.13125 0 P 0
L 3.5625 1.8875 3.6 1.85 0 P 0
L 3.5625 4.09375 3.5875001 4.1187501 0 P 0
L 3.567362 2.3330768 3.5941888 2.30625 1 P 0
L 3.56875 1.9 3.625 1.84375 0 P 0
L 3.575 1.78125 3.575 1.8125 0 P 0
L 3.575 1.9125 3.65 1.8375 0 P 0
L 3.5750001 4.08125 3.6000001 4.10625 0 P 0
L 3.58125 1.925 3.6570711 1.8491789 0 P 0
L 3.58125 4.06875 3.60625 4.09375 0 P 0
L 3.58125 4.13125 4.46875 4.13125 0 P 0
L 3.5816888 2.35625 3.6066888 2.33125 1 P 0
L 3.5875 1.9375 3.6625 1.8625 0 P 0
L 3.5875001 4.05625 3.6125001 4.08125 0 P 0
L 3.5875001 4.1187501 4.4624999 4.1187501 0 P 0
L 3.59375 4.04375 3.6187501 4.0687501 0 P 0
L 3.5941888 2.30625 3.8125 2.30625 1 P 0
L 3.6 1.79375 3.6 1.85 0 P 0
L 3.6 1.79375 3.64375 1.75 0 P 0
L 3.6000001 4.03125 3.6250002 4.0562501 0 P 0
L 3.6000001 4.10625 4.45625 4.10625 0 P 0
L 3.60625 4.01875 3.63125 4.04375 0 P 0
L 3.60625 4.09375 4.45 4.09375 0 P 0
L 3.6066888 2.33125 3.8 2.33125 1 P 0
L 3.6125 4.00625 3.6375001 4.0312501 0 P 0
L 3.6125001 4.08125 4.4437501 4.08125 0 P 0
L 3.61875 3.99375 3.6437501 4.0187501 0 P 0
L 3.6187501 4.0687501 4.4375 4.0687501 0 P 0
L 3.625 1.7875 3.625 1.81875 0 P 0
L 3.625 1.7875 3.65 1.7625 0 P 0
L 3.625 1.81875 3.625 1.84375 0 P 0
L 3.625 3.98125 3.65 4.00625 0 P 0
L 3.6250002 4.0562501 4.43125 4.0562501 0 P 0
L 3.63125 3.96875 3.6562501 3.9937501 0 P 0
L 3.63125 4.04375 4.4250001 4.04375 0 P 0
L 3.6375 3.95625 3.6625 3.98125 0 P 0
L 3.6375001 4.0312501 4.41875 4.0312501 0 P 0
L 3.6381284 4.2375 3.6576368 4.2179916 0 P 0
L 3.6403341 4.2125 3.6473425 4.2054916 0 P 0
L 3.64375 1.75 3.7 1.75 0 P 0
L 3.6437501 4.0187501 4.4125 4.0187501 0 P 0
L 3.6451368 4.25 3.6646452 4.2304916 0 P 0
L 3.6473425 4.2054916 4.8652191 4.2054916 0 P 0
L 3.65 1.7625 3.70625 1.7625 0 P 0
L 3.65 1.79375 3.65 1.8375 0 P 0
L 3.65 1.79375 3.66875 1.775 0 P 0
L 3.65 4.00625 4.4062501 4.00625 0 P 0
L 3.6521452 4.2625 3.6716536 4.2429916 0 P 0
L 3.6562501 3.9937501 4.4 3.9937501 0 P 0
L 3.6570711 1.8491789 3.6883211 1.8491789 0 P 0
L 3.6576368 4.2179916 4.8703967 4.2179916 0 P 0
L 3.6579498 4.275 3.6774582 4.2554916 0 P 0
L 3.6625 1.8625 3.69375 1.8625 0 P 0
L 3.6625 3.98125 4.0098056 3.98125 0 P 0
L 3.6646452 4.2304916 4.8755744 4.2304916 0 P 0
L 3.6649581 4.2875 3.6844664 4.2679917 0 P 0
L 3.66875 1.775 3.7125 1.775 0 P 0
L 3.6692913 4.5648622 3.6919291 4.5875 0 P 0
L 3.6716536 4.2429916 4.8807521 4.2429916 0 P 0
L 3.6719665 4.3 3.6914749 4.2804916 0 P 0
L 3.6774582 4.2554916 4.8859297 4.2554916 0 P 0
L 3.6789749 4.3125 3.6984833 4.2929916 0 P 0
L 3.6844664 4.2679917 4.8911074 4.2679917 0 P 0
L 3.6859832 4.325 3.7054915 4.3054917 0 P 0
L 3.6875 1.975 3.74375 2.03125 0 P 0
L 3.6883211 1.8491789 3.81875 1.71875 0 P 0
L 3.6914749 4.2804916 4.8962851 4.2804916 0 P 0
L 3.6919291 4.5875 3.96875 4.5875 0 P 0
L 3.6929916 4.3375 3.7125 4.3179916 0 P 0
L 3.69375 1.8625 3.825 1.73125 0 P 0
L 3.69375 1.9625 3.75 2.01875 0 P 0
L 3.6984833 4.2929916 4.9014627 4.2929916 0 P 0
L 3.6990261 1.8072239 3.6990261 1.8076063 0 P 0
L 3.6990261 1.8072239 3.8 1.70625 0 P 0
L 3.7 1.75 3.7120459 1.7379541 0 P 0
L 3.7 4.35 3.7195084 4.3304916 0 P 0
L 3.7002952 4.4504632 3.7002952 4.5273622 0 P 0
L 3.7002952 4.4504632 3.7820084 4.36875 0 P 0
L 3.7054915 4.3054917 4.9066404 4.3054917 0 P 0
L 3.7059716 4.3625 3.72548 4.3429916 0 P 0
L 3.70625 1.7625 3.7875 1.68125 0 P 0
L 3.7120459 1.7222809 3.7120459 1.7379541 0 P 0
L 3.7120459 1.7222809 3.80625 1.6280768 0 P 0
L 3.7125 1.775 3.79375 1.69375 0 P 0
L 3.7125 4.3179916 4.9118181 4.3179916 0 P 0
L 3.71875 1.95 3.73125 1.9625 0 P 0
L 3.7195084 4.3304916 4.9169957 4.3304916 0 P 0
L 3.72548 4.3429916 4.9221735 4.3429916 0 P 0
L 3.7315452 4.4872048 3.7315452 4.5148622 0 P 0
L 3.7315452 4.4872048 3.8375 4.38125 0 P 0
L 3.7319882 4.3680118 3.7437501 4.3562499 0 P 0
L 3.74375 2.03125 4.16875 2.03125 0 P 0
L 3.7437501 4.3562499 4.9276652 4.3562499 0 P 0
L 3.75 2.01875 4.175 2.01875 0 P 0
L 3.7820084 4.36875 4.93125 4.36875 0 P 0
L 3.7875 1.60625 4.09375 1.3 0 P 0
L 3.7875 1.68125 3.84375 1.68125 0 P 0
L 3.79375 1.69375 3.85 1.69375 0 P 0
L 3.8 1.70625 3.85625 1.70625 0 P 0
L 3.8 2.33125 3.86875 2.4 1 P 0
L 3.80625 1.6280768 3.8343268 1.6 0 P 0
L 3.8125 2.30625 3.88125 2.375 1 P 0
L 3.81875 1.71875 3.8625 1.71875 0 P 0
L 3.825 1.73125 3.86875 1.73125 0 P 0
L 3.8343268 1.6 4.1874973 1.6 0 P 0
L 3.8375 4.38125 4.9375 4.38125 0 P 0
L 3.84375 1.68125 3.9125 1.6125 0 P 0
L 3.85 1.69375 3.91875 1.625 0 P 0
L 3.85625 1.70625 3.925 1.6375 0 P 0
L 3.8625 1.71875 3.93125 1.65 0 P 0
L 3.86875 1.73125 3.9375 1.6625 0 P 0
L 3.86875 2.4 4.5625 2.4 1 P 0
L 3.88125 2.375 4.575 2.375 1 P 0
L 3.9125 1.6125 4.19375 1.6125 0 P 0
L 3.91875 1.625 4.2 1.625 0 P 0
L 3.925 1.6375 4.20625 1.6375 0 P 0
L 3.93125 1.65 4.1 1.65 0 P 0
L 3.9375 1.6625 4.09375 1.6625 0 P 0
L 3.96875 4.5875 3.9845226 4.5717274 0 P 0
L 3.9845226 4.5595226 3.9845226 4.5717274 0 P 0
L 3.9845226 4.5595226 4.025 4.5190452 0 P 0
L 4.00625 3.95 4.0062501 3.95 0 P 0
L 4.0062501 3.95 4.0187501 3.9375 0 P 0
L 4.0098056 3.98125 4.0409591 3.9500965 0 P 0
L 4.0187501 3.9375 4.06875 3.9375 0 P 0
L 4.025 4.475 4.025 4.5190452 0 P 0
L 4.025 4.475 4.0375 4.4625 0 P 0
L 4.0375 4.4625 4.55625 4.4625 0 P 0
L 4.0409591 3.9500965 4.0436535 3.9500965 0 P 0
L 4.0436535 3.9500965 4.04375 3.95 0 P 0
L 4.04375 3.95 4.0625 3.95 0 P 0
L 4.043795 4.60625 4.0925 4.557545 1 P 0
L 4.05 3.9719233 4.0515295 3.9734528 0 P 0
L 4.0515295 3.9734528 4.0648268 3.9734528 0 P 0
L 4.0625 3.95 4.08125 3.96875 0 P 0
L 4.0648268 3.9734528 4.072624 3.98125 0 P 0
L 4.06875 3.9375 4.0875 3.95625 0 P 0
L 4.072624 3.98125 4.39375 3.98125 0 P 0
L 4.08125 3.96875 4.3875 3.96875 0 P 0
L 4.0875 3.95625 4.38125 3.95625 0 P 0
L 4.0925 4.5262694 4.0925 4.557545 1 P 0
L 4.0925 4.5262694 4.0927952 4.5259742 1 P 0
L 4.0927952 4.5160334 4.0927952 4.5259742 1 P 0
L 4.0927952 4.5160334 4.1200786 4.48875 1 P 0
L 4.09375 1.3 4.14375 1.3 0 P 0
L 4.09375 1.6625 4.13125 1.7 0 P 0
L 4.09375 4.63125 4.19375 4.53125 1 P 0
L 4.1 1.65 4.1375 1.6875 0 P 0
L 4.1 2.625 4.25 2.475 0 P 0
L 4.1200786 4.48875 4.1385862 4.48875 1 P 0
L 4.13125 1.7 4.23125 1.7 0 P 0
L 4.1375 1.6875 4.225 1.6875 0 P 0
L 4.1385862 4.48875 4.1396984 4.4898622 1 P 0
L 4.1396984 4.4898622 4.1417322 4.4898622 1 P 0
L 4.1417322 4.4898622 4.1732283 4.4898622 1 P 0
L 4.14375 1.3 4.5125 0.93125 0 P 0
L 4.16875 2.03125 4.2125 2.075 0 P 0
L 4.175 2.01875 4.21875 2.0625 0 P 0
L 4.1874973 1.6 4.4874973 1.3 0 P 0
L 4.19375 1.6125 4.49375 1.3125 0 P 0
L 4.19375 4.53125 4.3687007 4.53125 1 P 0
L 4.2 1.625 4.46875 1.35625 0 P 0
L 4.20625 1.6375 4.475 1.36875 0 P 0
L 4.2125 2.075 4.4406732 2.075 0 P 0
L 4.21875 2.0625 4.43125 2.0625 0 P 0
L 4.225 1.6875 4.49375 1.41875 0 P 0
L 4.23125 1.7 4.5 1.43125 0 P 0
L 4.25 1.88125 4.3962925 2.0275425 0 P 0
L 4.25 2.4306896 4.25 2.475 0 P 0
L 4.3687007 4.53125 4.3937007 4.50625 1 P 0
L 4.38125 3.95625 4.74375 3.59375 0 P 0
L 4.3875 3.96875 4.7562499 3.6000001 0 P 0
L 4.3937007 4.4898622 4.3937007 4.50625 1 P 0
L 4.3937007 4.4898622 4.4251967 4.4898622 1 P 0
L 4.3937007 4.5646105 4.4251967 4.5646105 1 P 0
L 4.39375 3.98125 4.76875 3.60625 0 P 0
L 4.3962925 2.0275425 4.3994293 2.0275425 0 P 0
L 4.3994293 2.0275425 4.4124636 2.0405768 0 P 0
L 4.4 3.9937501 4.78125 3.6125001 0 P 0
L 4.4062501 4.00625 4.79375 3.6187501 0 P 0
L 4.4125 4.0187501 4.80625 3.6250001 0 P 0
L 4.41875 4.0312501 4.81875 3.6312501 0 P 0
L 4.4250001 4.04375 4.83125 3.6375001 0 P 0
L 4.4251967 4.54375 4.4251967 4.5646105 1 P 0
L 4.4251967 4.54375 4.4376967 4.53125 1 P 0
L 4.43125 2.0625 4.4531732 2.0405768 0 P 0
L 4.43125 4.0562501 4.84375 3.6437501 0 P 0
L 4.4375 4.0687501 4.85625 3.6500001 0 P 0
L 4.4376967 4.53125 4.75 4.53125 1 P 0
L 4.4406732 2.075 4.4594232 2.05625 0 P 0
L 4.4437501 4.08125 4.86875 3.6562501 0 P 0
L 4.45 4.09375 4.8812499 3.6625001 0 P 0
L 4.4531732 2.0405768 4.76875 2.0405768 0 P 0
L 4.45625 4.10625 4.89375 3.66875 0 P 0
L 4.4594232 2.05625 4.75 2.05625 0 P 0
L 4.4624999 4.1187501 4.6125 3.96875 0 P 0
L 4.46875 1.35625 4.65 1.35625 0 P 0
L 4.46875 4.13125 4.61875 3.98125 0 P 0
L 4.475 1.36875 4.65625 1.36875 0 P 0
L 4.4874973 1.3 4.6199761 1.3 0 P 0
L 4.49375 1.3125 4.6253823 1.3125 0 P 0
L 4.49375 1.41875 4.65 1.41875 0 P 0
L 4.5 1.43125 4.65625 1.43125 0 P 0
L 4.5125 0.93125 4.89375 0.93125 0 P 0
L 4.55625 4.4625 4.6 4.41875 0 P 0
L 4.5625 2.4 4.60625 2.44375 1 P 0
L 4.6 4.41875 4.7125 4.41875 0 P 0
L 4.6125 3.96875 4.8 3.96875 0 P 0
L 4.61875 3.98125 4.8062501 3.98125 0 P 0
L 4.6199761 1.3 4.6324761 1.2875 0 P 0
L 4.6253823 1.3125 4.6378824 1.2999999 0 P 0
L 4.6324761 1.2875 5.125 1.2875 0 P 0
L 4.6375 3.25 4.6375 3.325 0 P 0
L 4.6375 3.25 4.66875 3.21875 0 P 0
L 4.6375 3.325 4.74375 3.43125 0 P 0
L 4.6378824 1.2999999 5.1187499 1.2999999 0 P 0
L 4.6499999 3.2562501 4.6499999 3.3187499 0 P 0
L 4.6499999 3.2562501 4.6812499 3.2250001 0 P 0
L 4.6499999 3.3187499 4.7562499 3.4249999 0 P 0
L 4.65 1.35625 4.65625 1.35 0 P 0
L 4.65 1.41875 4.65625 1.4125 0 P 0
L 4.65625 1.35 5.15 1.35 0 P 0
L 4.65625 1.36875 4.6625 1.3625 0 P 0
L 4.65625 1.4125 4.88125 1.4125 0 P 0
L 4.65625 1.43125 4.6625 1.425 0 P 0
L 4.6625 1.3625 5.14375 1.3625 0 P 0
L 4.6625 1.425 4.8875 1.425 0 P 0
L 4.6625 3.2625 4.6625 3.3125 0 P 0
L 4.6625 3.2625 4.69375 3.23125 0 P 0
L 4.6625 3.3125 4.76875 3.41875 0 P 0
L 4.66875 2.375 4.66875 3.21875 0 P 0
L 4.66875 2.375 4.8 2.24375 0 P 0
L 4.66875 4.06875 4.66875 4.10625 0 P 0
L 4.66875 4.06875 4.69375 4.04375 0 P 0
L 4.6812499 2.3792895 4.6812499 3.2250001 0 P 0
L 4.6812499 2.3792895 4.8125 2.2480394 0 P 0
L 4.69375 2.3844672 4.69375 3.23125 0 P 0
L 4.69375 2.3844672 4.825 2.2532172 0 P 0
L 4.69375 4.04375 4.91875 4.04375 0 P 0
L 4.74375 3.43125 4.74375 3.59375 0 P 0
L 4.75 2.05625 4.76875 2.075 0 P 0
L 4.7562499 3.4249999 4.7562499 3.6000001 0 P 0
L 4.75625 2.3396446 4.75625 2.9875 0 P 0
L 4.75625 2.3396446 4.8374999 2.2583947 0 P 0
L 4.75625 2.9875 4.78125 3.0125 0 P 0
L 4.76625 2.3473224 4.76625 2.97875 0 P 0
L 4.76625 2.3473224 4.85 2.2635724 0 P 0
L 4.76625 2.97875 4.79375 3.00625 0 P 0
L 4.76875 3.41875 4.76875 3.60625 0 P 0
L 4.77625 2.355 4.77625 2.97 0 P 0
L 4.77625 2.355 4.8624999 2.2687501 0 P 0
L 4.77625 2.97 4.80625 3 0 P 0
L 4.78125 3.0125 4.78125 3.6125001 0 P 0
L 4.78625 2.36375 4.78625 2.96125 0 P 0
L 4.78625 2.36375 4.875 2.275 0 P 0
L 4.78625 2.96125 4.81875 2.99375 0 P 0
L 4.79375 3.00625 4.79375 3.6187501 0 P 0
L 4.79625 2.3725 4.79625 2.9525 0 P 0
L 4.79625 2.3725 4.975 2.19375 0 P 0
L 4.79625 2.9525 4.83125 2.9875 0 P 0
L 4.8 1.85625 4.8 2.24375 0 P 0
L 4.8 1.85625 4.95 1.70625 0 P 0
L 4.8 3.96875 4.90625 3.8625 0 P 0
L 4.80625 3 4.80625 3.6250001 0 P 0
L 4.8062501 3.98125 4.91875 3.8687501 0 P 0
L 4.8125 1.8625 4.8125 2.2480394 0 P 0
L 4.8125 1.8625 4.95625 1.71875 0 P 0
L 4.81875 2.99375 4.81875 3.6312501 0 P 0
L 4.825 1.8676776 4.825 2.2532172 0 P 0
L 4.825 1.8676776 4.9614276 1.73125 0 P 0
L 4.83125 2.9875 4.83125 3.6375001 0 P 0
L 4.8374999 1.8728553 4.8374999 2.2583947 0 P 0
L 4.8374999 1.8728553 4.9666053 1.7437499 0 P 0
L 4.8382583 4.1429916 5.2125 3.7687499 0 P 0
L 4.84375 2.34375 4.84375 3.6437501 0 P 0
L 4.84375 2.34375 4.9875 2.2 0 P 0
L 4.8445084 4.1554915 5.225 3.7749999 0 P 0
L 4.8496861 4.1679916 5.2375 3.7801777 0 P 0
L 4.85 1.878033 4.85 2.2635724 0 P 0
L 4.85 1.878033 4.971783 1.75625 0 P 0
L 4.8548637 4.1804916 5.25 3.7853553 0 P 0
L 4.85625 2.35 4.85625 2.6691704 0 P 0
L 4.85625 2.35 5 2.20625 0 P 0
L 4.85625 2.6691704 4.85625 3.6500001 0 P 0
L 4.8600414 4.1929915 5.2625 3.7905329 0 P 0
L 4.8624999 1.8832107 4.8624999 2.2687501 0 P 0
L 4.8624999 1.8832107 4.9769607 1.7687499 0 P 0
L 4.8652191 4.2054916 5.275 3.7957107 0 P 0
L 4.86875 2.35625 4.86875 2.4198888 0 P 0
L 4.86875 2.35625 5.0125 2.2125 0 P 0
L 4.86875 2.4198888 4.86875 2.674058 0 P 0
L 4.86875 2.674058 4.86875 3.6562501 0 P 0
L 4.8703967 4.2179916 5.2875 3.8008883 0 P 0
L 4.875 1.8875 4.875 2.275 0 P 0
L 4.875 1.8875 4.98125 1.78125 0 P 0
L 4.8755744 4.2304916 5.3 3.806066 0 P 0
L 4.8807521 4.2429916 5.3125 3.8112437 0 P 0
L 4.8812498 3.6625001 4.88125 2.3625 0 P 0
L 4.88125 1.4125 4.90625 1.3875 0 P 0
L 4.88125 2.3625 5.0281732 2.2155768 0 P 0
L 4.8859297 4.2554916 5.325 3.8164213 0 P 0
L 4.8875 1.425 4.9125 1.4 0 P 0
L 4.8911074 4.2679917 5.3375 3.8215991 0 P 0
L 4.89375 0.93125 5.06875 1.10625 0 P 0
L 4.89375 3.2125 4.89375 3.66875 0 P 0
L 4.89375 3.2125 5.2625 2.84375 0 P 0
L 4.8962851 4.2804916 5.35 3.8267767 0 P 0
L 4.9014627 4.2929916 5.3625 3.8319543 0 P 0
L 4.90625 1.3875 5.15 1.3875 0 P 0
L 4.90625 3.2375 4.90625 3.8625 0 P 0
L 4.90625 3.2375 5.2875 2.85625 0 P 0
L 4.9066404 4.3054917 5.375 3.8371321 0 P 0
L 4.9118181 4.3179916 5.3875 3.8423097 0 P 0
L 4.9125 1.4 5.14375 1.4 0 P 0
L 4.9169957 4.3304916 5.4 3.8474873 0 P 0
L 4.91875 3.24375 4.91875 3.8687501 0 P 0
L 4.91875 3.24375 5.3 2.8625 0 P 0
L 4.91875 4.04375 5.2 3.7625 0 P 0
L 4.9221735 4.3429917 5.4125 3.8526652 0 P 0
L 4.9276652 4.3562499 5.4257583 3.8581568 0 P 0
L 4.93125 4.36875 5.13125 4.16875 0 P 0
L 4.9375 4.38125 5.1375 4.18125 0 P 0
L 4.95 1.70625 5.08125 1.70625 0 P 0
L 4.95625 1.71875 5.0769606 1.71875 0 P 0
L 4.9614276 1.73125 5.071783 1.73125 0 P 0
L 4.9666053 1.7437499 5.0666053 1.7437499 0 P 0
L 4.971783 1.75625 5.0614276 1.75625 0 P 0
L 4.975 2.00625 4.975 2.19375 0 P 0
L 4.975 2.00625 5.16875 1.8125 0 P 0
L 4.9769607 1.7687499 5.0562499 1.7687499 0 P 0
L 4.98125 1.78125 5.05 1.78125 0 P 0
L 4.9875 2.0125 4.9875 2.2 0 P 0
L 4.9875 2.0125 5.175 1.825 0 P 0
L 5 2.01875 5 2.20625 0 P 0
L 5 2.01875 5.18125 1.8375 0 P 0
L 5.0125 2.025 5.0125 2.2125 0 P 0
L 5.0125 2.025 5.1875 1.85 0 P 0
L 5.0281732 2.0284591 5.0281732 2.2155768 0 P 0
L 5.0281732 2.0284591 5.1941323 1.8625 0 P 0
L 5.04375 4.34375 5.04375 4.3843268 1 P 0
L 5.04375 4.34375 5.1375 4.25 1 P 0
L 5.05 1.78125 5.06875 1.8 0 P 0
L 5.0562499 1.7687499 5.0749999 1.7874999 0 P 0
L 5.0614276 1.75625 5.0801775 1.7749999 0 P 0
L 5.0666053 1.7437499 5.0853554 1.7625 0 P 0
L 5.06875 1.10625 5.20625 1.10625 0 P 0
L 5.06875 1.8 5.7 1.8 0 P 0
L 5.071783 1.73125 5.090533 1.75 0 P 0
L 5.0749999 1.7874999 5.69375 1.7875 0 P 0
L 5.0769606 1.71875 5.0957106 1.7375 0 P 0
L 5.0801775 1.7749999 5.6875 1.775 0 P 0
L 5.08125 1.70625 5.1 1.725 0 P 0
L 5.0853554 1.7625 5.56875 1.7625 0 P 0
L 5.090533 1.75 5.5064893 1.75 0 P 0
L 5.0957106 1.7375 5.5 1.7375 0 P 0
L 5.1 1.725 5.49375 1.725 0 P 0
L 5.1187499 1.2999999 5.24375 1.425 0 P 0
L 5.125 1.2875 5.175 1.3375 0 P 0
L 5.13125 4.16875 5.275 4.16875 0 P 0
L 5.13125 4.30625 5.1625 4.3375 1 P 0
L 5.1375 4.18125 5.28125 4.18125 0 P 0
L 5.1375 4.25 5.4375 4.25 1 P 0
L 5.14375 1.3625 5.23125 1.45 0 P 0
L 5.14375 1.4 5.21875 1.475 0 P 0
L 5.15 1.35 5.2375 1.4375 0 P 0
L 5.15 1.3875 5.225 1.4625 0 P 0
L 5.15 3.1625 5.15 3.2 0 P 0
L 5.15 3.1625 5.1875 3.125 0 P 0
L 5.15 3.2 5.2 3.25 0 P 0
L 5.1625 4.3375 5.325 4.3375 1 P 0
L 5.16875 1.8125 5.70625 1.8125 0 P 0
L 5.175 1.3375 5.3125 1.3375 0 P 0
L 5.175 1.825 5.7621177 1.825 0 P 0
L 5.18125 1.8375 5.76875 1.8375 0 P 0
L 5.1875 1.85 5.8371177 1.85 0 P 0
L 5.1875 3.125 5.2875 3.125 0 P 0
L 5.1941323 1.8625 5.8387598 1.8625 0 P 0
L 5.2 3.25 5.2 3.7625 0 P 0
L 5.20625 1.10625 5.2125 1.1125 0 P 0
L 5.2125 1.1125 5.2530768 1.1125 0 P 0
L 5.2125 3.21875 5.2125 3.76875 0 P 0
L 5.2125 3.21875 5.34375 3.0875 0 P 0
L 5.21875 1.475 5.575 1.475 0 P 0
L 5.225 1.4625 5.64375 1.4625 0 P 0
L 5.225 3.225 5.225 3.775 0 P 0
L 5.225 3.225 5.35625 3.09375 0 P 0
L 5.23125 1.45 5.6125 1.45 0 P 0
L 5.23125 1.925 5.23125 2.1875 0 P 0
L 5.23125 2.1875 5.2625 2.21875 0 P 0
L 5.2375 1.4375 5.56875 1.4375 0 P 0
L 5.2375 3.23125 5.2375 3.7801778 0 P 0
L 5.2375 3.23125 5.36875 3.1 0 P 0
L 5.24375 1.425 5.54375 1.425 0 P 0
L 5.25 3.2378823 5.25 3.7853554 0 P 0
L 5.25 3.2378823 5.38125 3.1066323 0 P 0
L 5.2530768 1.1125 5.2905768 1.15 0 P 0
L 5.2625 2.21875 5.2625 2.84375 0 P 0
L 5.2625 3.41875 5.2625 3.790533 0 P 0
L 5.2625 3.41875 5.3875 3.29375 0 P 0
L 5.275 3.425 5.275 3.7957108 0 P 0
L 5.275 3.425 5.4 3.3 0 P 0
L 5.275 4.16875 5.3 4.14375 0 P 0
L 5.28125 1.925 5.28125 1.94375 0 P 0
L 5.28125 1.94375 5.3125 1.975 0 P 0
L 5.28125 4.18125 5.30625 4.15625 0 P 0
L 5.2875 2.21875 5.2875 2.85625 0 P 0
L 5.2875 2.21875 5.3125 2.19375 0 P 0
L 5.2875 3.125 5.33125 3.08125 0 P 0
L 5.2875 3.43125 5.2875 3.8008884 0 P 0
L 5.2875 3.43125 5.4125 3.30625 0 P 0
L 5.3 2.225 5.3 2.8625 0 P 0
L 5.3 2.225 5.325 2.2 0 P 0
L 5.3 3.44375 5.3 3.8060661 0 P 0
L 5.3 3.44375 5.425 3.31875 0 P 0
L 5.3 4.14375 5.40625 4.14375 0 P 0
L 5.30625 1.90625 5.30625 1.9375 0 P 0
L 5.30625 1.9375 5.325 1.95625 0 P 0
L 5.30625 4.15625 5.4125 4.15625 0 P 0
L 5.3125 1.3375 5.3375 1.3625 0 P 0
L 5.3125 1.975 5.3125 2.19375 0 P 0
L 5.3125 3.4683677 5.3125 3.8112438 0 P 0
L 5.3125 3.4683677 5.4905768 3.2902909 0 P 0
L 5.325 1.95625 5.325 2.2 0 P 0
L 5.325 3.475 5.325 3.8164214 0 P 0
L 5.325 3.475 5.50625 3.29375 0 P 0
L 5.325 4.3375 5.4125 4.425 1 P 0
L 5.33125 2.525 5.33125 3.08125 0 P 0
L 5.33125 2.525 5.4401122 2.4161378 2 P 0
L 5.3375 1.3625 5.38125 1.3625 0 P 0
L 5.3375 3.48125 5.3375 3.8215992 0 P 0
L 5.3375 3.48125 5.55625 3.2625 0 P 0
L 5.34375 2.54375 5.34375 2.99375 2 P 0
L 5.34375 2.54375 5.4385499 2.4489501 2 P 0
L 5.34375 2.99375 5.34375 3.0875 0 P 0
L 5.35 3.4875 5.35 3.8267768 0 P 0
L 5.35 3.4875 5.56875 3.26875 0 P 0
L 5.35625 2.5593013 5.35625 2.99375 2 P 0
L 5.35625 2.5593013 5.4512796 2.4642717 2 P 0
L 5.35625 2.99375 5.35625 3.09375 0 P 0
L 5.3625 3.55 5.3625 3.8319544 0 P 0
L 5.3625 3.55 5.58125 3.33125 0 P 0
L 5.36875 2.5782974 5.36875 2.99375 2 P 0
L 5.36875 2.5782974 5.4827757 2.4642717 2 P 0
L 5.36875 2.99375 5.36875 3.1 0 P 0
L 5.375 3.5551776 5.375 3.8371322 0 P 0
L 5.375 3.5551776 5.59375 3.3364276 0 P 0
L 5.38125 1.3625 5.43125 1.4125 0 P 0
L 5.38125 2.5972934 5.38125 2.88125 2 P 0
L 5.38125 2.5972934 5.4512796 2.5272638 2 P 0
L 5.38125 2.88125 5.40625 2.90625 2 P 0
L 5.38125 2.9875 5.38125 2.99375 2 P 0
L 5.38125 2.9875 5.40625 2.9625 2 P 0
L 5.38125 2.99375 5.38125 3.1066323 0 P 0
L 5.3875 3.14375 5.3875 3.29375 0 P 0
L 5.3875 3.14375 5.4 3.13125 0 P 0
L 5.3875 3.5603554 5.3875 3.8423098 0 P 0
L 5.3875 3.5603554 5.60625 3.3416054 0 P 0
L 5.39375 2.6162894 5.39375 2.875 2 P 0
L 5.39375 2.6162894 5.4512796 2.5587598 2 P 0
L 5.39375 2.875 5.41875 2.9 2 P 0
L 5.4 3 5.4 3.13125 0 P 0
L 5.4 3 5.40625 2.99375 0 P 0
L 5.4 3.15 5.4 3.3 0 P 0
L 5.4 3.15 5.4125 3.1375 0 P 0
L 5.4 3.565533 5.4 3.8474874 0 P 0
L 5.4 3.565533 5.61875 3.346783 0 P 0
L 5.40625 2.6352855 5.40625 2.86875 2 P 0
L 5.40625 2.6352855 5.4512796 2.5902559 2 P 0
L 5.40625 2.86875 5.43125 2.89375 2 P 0
L 5.40625 2.90625 5.40625 2.9625 2 P 0
L 5.40625 2.99375 5.41875 2.98125 2 P 0
L 5.40625 4.14375 5.475 4.075 0 P 0
L 5.4125 3.00625 5.4125 3.1375 0 P 0
L 5.4125 3.00625 5.425 2.99375 0 P 0
L 5.4125 3.15625 5.4125 3.30625 0 P 0
L 5.4125 3.15625 5.425 3.14375 0 P 0
L 5.4125 3.575 5.4125 3.8526652 0 P 0
L 5.4125 3.575 5.65625 3.33125 0 P 0
L 5.4125 4.15625 5.425 4.16875 0 P 0
L 5.4125 4.425 5.56875 4.425 1 P 0
L 5.41875 2.6375 5.41875 2.8612204 2 P 0
L 5.41875 2.6375 5.4375 2.61875 2 P 0
L 5.41875 2.8612204 5.44375 2.8862204 2 P 0
L 5.41875 2.9 5.41875 2.98125 2 P 0
L 5.425 2.99375 5.43125 2.9875 2 P 0
L 5.425 3.0125 5.425 3.14375 0 P 0
L 5.425 3.0125 5.44375 2.99375 0 P 0
L 5.425 3.1625 5.425 3.31875 0 P 0
L 5.425 3.1625 5.4375 3.15 0 P 0
L 5.425 4.16875 5.4905768 4.16875 0 P 0
L 5.4257583 3.5804917 5.4257583 3.8581569 0 P 0
L 5.4257583 3.5804917 5.6695083 3.3367417 0 P 0
L 5.43125 1.4125 5.51875 1.4125 0 P 0
L 5.43125 2.64375 5.43125 2.8536908 2 P 0
L 5.43125 2.64375 5.44375 2.63125 2 P 0
L 5.43125 2.8536908 5.45625 2.8786908 2 P 0
L 5.43125 2.89375 5.43125 2.9875 2 P 0
L 5.4375 2.61875 5.475 2.61875 2 P 0
L 5.4375 3.01875 5.4375 3.15 0 P 0
L 5.4375 3.01875 5.45625 3 0 P 0
L 5.4375 4.25 5.5544232 4.1330768 1 P 0
L 5.4385499 2.4489501 5.6555775 2.4489501 2 P 0
L 5.4401122 2.4161378 5.6848878 2.4161378 2 P 0
L 5.44375 2.63125 5.4827757 2.63125 2 P 0
L 5.44375 2.8862204 5.44375 2.99375 2 P 0
L 5.45625 2.8786908 5.45625 2.99375 2 P 0
L 5.45625 2.99375 5.45625 3 0 P 0
L 5.4679174 2.8379489 5.4679174 2.8804175 2 P 0
L 5.4679174 2.8379489 5.497634 2.8082323 2 P 0
L 5.4679174 2.8804175 5.46875 2.8812501 2 P 0
L 5.46875 2.8812501 5.46875 2.99375 2 P 0
L 5.46875 2.99375 5.46875 3.2125 0 P 0
L 5.46875 3.2125 5.4905768 3.2343268 0 P 0
L 5.475 2.61875 5.4827757 2.6109743 2 P 0
L 5.475 4.075 5.55625 4.075 0 P 0
L 5.48125 2.9140257 5.48125 2.99375 2 P 0
L 5.48125 2.9140257 5.5309095 2.8643662 2 P 0
L 5.48125 2.99375 5.48125 3.20625 0 P 0
L 5.48125 3.20625 5.50625 3.23125 0 P 0
L 5.4827757 2.5272638 5.497634 2.5421221 2 P 0
L 5.4827757 2.5587598 5.4827757 2.6109743 2 P 0
L 5.4827757 2.63125 5.497634 2.6163917 2 P 0
L 5.4827757 2.7162401 5.497634 2.7310984 2 P 0
L 5.4827757 2.7477362 5.497634 2.7625945 2 P 0
L 5.4905768 3.2343268 5.4905768 3.2902909 0 P 0
L 5.4905768 4.16875 5.5530768 4.10625 0 P 0
L 5.49375 1.725 5.6875 1.53125 0 P 0
L 5.49375 2.9892717 5.49375 2.99375 2 P 0
L 5.49375 2.9892717 5.5517717 2.93125 2 P 0
L 5.49375 2.99375 5.49375 3.15625 0 P 0
L 5.49375 3.15625 5.55625 3.21875 0 P 0
L 5.497634 2.5421221 5.497634 2.6163917 2 P 0
L 5.497634 2.7310984 5.5186467 2.7310984 2 P 0
L 5.497634 2.7625945 5.497634 2.8082323 2 P 0
L 5.5 1.7375 5.7125 1.525 0 P 0
L 5.50625 3 5.50625 3.15 0 P 0
L 5.50625 3 5.5125 2.99375 0 P 0
L 5.50625 3.15 5.56875 3.2125 0 P 0
L 5.50625 3.23125 5.50625 3.29375 0 P 0
L 5.5064893 1.75 5.8252393 1.43125 0 P 0
L 5.5125 2.99375 5.5625 2.94375 2 P 0
L 5.5186467 2.7310984 5.5309095 2.7433612 2 P 0
L 5.51875 1.4125 5.5375 1.39375 0 P 0
L 5.51875 3.00625 5.51875 3.14375 0 P 0
L 5.51875 3.00625 5.53125 2.99375 0 P 0
L 5.51875 3.14375 5.58125 3.20625 0 P 0
L 5.5309095 2.7433612 5.5309095 2.8643662 2 P 0
L 5.53125 2.99375 5.5625 2.9625 2 P 0
L 5.53125 3.0125 5.53125 3.1385724 0 P 0
L 5.53125 3.0125 5.55 2.99375 0 P 0
L 5.53125 3.1385724 5.59375 3.2010724 0 P 0
L 5.54375 1.425 5.6059026 1.3628474 0 P 0
L 5.54375 3.01875 5.54375 3.1333946 0 P 0
L 5.54375 3.01875 5.56875 2.99375 0 P 0
L 5.54375 3.1333946 5.60625 3.1958946 0 P 0
L 5.55 2.99375 5.56875 2.975 2 P 0
L 5.5517717 2.93125 5.825 2.93125 2 P 0
L 5.5544232 4.1330768 5.6044232 4.1330768 1 P 0
L 5.55625 3.025 5.55625 3.128217 0 P 0
L 5.55625 3.025 5.58125 3 0 P 0
L 5.55625 3.128217 5.61875 3.190717 0 P 0
L 5.55625 3.21875 5.55625 3.2625 0 P 0
L 5.5625 2.94375 5.8375 2.94375 2 P 0
L 5.5625 2.9625 5.8875 2.9625 2 P 0
L 5.56875 1.4375 5.6194807 1.3867693 0 P 0
L 5.56875 1.7625 5.78125 1.55 0 P 0
L 5.56875 2.975 5.89375 2.975 2 P 0
L 5.56875 2.99375 5.575 2.9875 2 P 0
L 5.56875 3.2125 5.56875 3.26875 0 P 0
L 5.56875 4.425 5.6 4.45625 1 P 0
L 5.575 1.475 5.59375 1.49375 0 P 0
L 5.575 2.9875 5.91875 2.9875 2 P 0
L 5.58125 3 5.925 3 0 P 0
L 5.58125 3.20625 5.58125 3.33125 0 P 0
L 5.59375 3.2010724 5.59375 3.3364276 0 P 0
L 5.6 4.45625 6.1245115 4.45625 1 P 0
L 5.6044232 4.1330768 5.68125 4.05625 1 P 0
L 5.6059026 1.3628474 5.6315974 1.3628474 0 P 0
L 5.60625 3.1958946 5.60625 3.3416054 0 P 0
L 5.6125 1.45 5.625 1.4375 0 P 0
L 5.61875 3.190717 5.61875 3.346783 0 P 0
L 5.6315974 1.3628474 5.6625 1.39375 0 P 0
L 5.64375 1.4625 5.6625 1.44375 0 P 0
L 5.65 3.79375 5.6625 3.78125 0 P 0
L 5.6555775 2.4489501 5.671752 2.4327756 2 P 0
L 5.65625 3.21875 5.65625 3.33125 0 P 0
L 5.65625 3.21875 5.725 3.15 0 P 0
L 5.6625 3.3906732 5.6625 3.78125 0 P 0
L 5.6695083 3.2242417 5.6695083 3.3367417 0 P 0
L 5.6695083 3.2242417 5.7304917 3.1632583 0 P 0
L 5.68125 3.7039868 5.68125 4.05625 1 P 0
L 5.68125 3.7039868 5.7125 3.6727368 1 P 0
L 5.6848878 2.4161378 5.7181634 2.4494134 2 P 0
L 5.6875 1.33125 5.6875 1.53125 0 P 0
L 5.6875 1.33125 5.7375794 1.2811706 0 P 0
L 5.6875 1.775 5.825 1.6375 0 P 0
L 5.69375 1.7875 5.74375 1.7375 0 P 0
L 5.7 1.8 5.75 1.75 0 P 0
L 5.70625 1.8125 5.75625 1.7625 0 P 0
L 5.7125 1.35 5.7125 1.525 0 P 0
L 5.7125 3.3281732 5.7125 3.6727368 1 P 0
L 5.7181634 2.4494134 5.7810984 2.4494134 2 P 0
L 5.725 3.15 5.99375 3.15 0 P 0
L 5.7304917 3.1632583 5.9992417 3.1632583 0 P 0
L 5.7375794 1.2811706 5.9875 1.2811706 0 P 0
L 5.74375 1.7375 5.79375 1.7375 0 P 0
L 5.75 1.75 5.8 1.75 0 P 0
L 5.75625 1.7625 5.80625 1.7625 0 P 0
L 5.7621177 1.825 5.95 1.6371177 0 P 0
L 5.7662402 2.4327756 5.78125 2.4177658 2 P 0
L 5.76875 1.8375 5.9875 1.61875 0 P 0
L 5.7810984 2.4494134 5.7977362 2.4327756 2 P 0
L 5.78125 1.525 5.78125 1.55 0 P 0
L 5.78125 2.03125 5.78125 2.28125 0 P 0
L 5.78125 2.03125 5.85625 1.95625 0 P 0
L 5.78125 2.28125 5.78125 2.4177658 2 P 0
L 5.79375 1.7375 5.85625 1.675 0 P 0
L 5.8 1.75 5.8875 1.6625 0 P 0
L 5.80625 1.7625 5.91875 1.65 0 P 0
L 5.825 1.575 5.825 1.6375 0 P 0
L 5.825 2.93125 5.8440906 2.9121594 2 P 0
L 5.8252393 1.43125 6.0625 1.43125 0 P 0
L 5.8371177 1.85 6.0592728 1.6278449 0 P 0
L 5.8375 2.94375 5.8764764 2.9047736 2 P 0
L 5.8387598 1.8625 5.9293366 1.7719232 0 P 0
L 5.8440906 2.858862 5.8440906 2.9121594 2 P 0
L 5.8440906 2.858862 5.8607283 2.8422243 2 P 0
L 5.85625 1.61875 5.85625 1.675 0 P 0
L 5.85625 1.95625 6.13125 1.95625 0 P 0
L 5.8755866 2.6369134 5.8755866 2.7521112 2 P 0
L 5.8755866 2.6369134 5.8922244 2.6202756 2 P 0
L 5.8755866 2.7521112 5.8860699 2.7625945 2 P 0
L 5.8764764 2.7949802 5.8764764 2.9047736 2 P 0
L 5.8764764 2.7949802 5.8922244 2.7792322 2 P 0
L 5.8773661 2.0101339 5.8773661 2.28125 0 P 0
L 5.8773661 2.0101339 5.91875 1.96875 0 P 0
L 5.8773661 2.28125 5.8773661 2.5649143 2 P 0
L 5.8773661 2.5649143 5.8874518 2.575 2 P 0
L 5.8860699 2.7625945 5.8966224 2.7625945 2 P 0
L 5.8874518 2.575 5.9 2.575 2 P 0
L 5.8875 1.61875 5.8875 1.6625 0 P 0
L 5.8875 2.9625 5.9070827 2.9429173 2 P 0
L 5.8922244 2.5587598 5.9072342 2.54375 2 P 0
L 5.8922244 2.5902559 5.8922244 2.6202756 2 P 0
L 5.89375 2.975 5.91875 2.95 2 P 0
L 5.8966224 2.7625945 5.9070827 2.7730548 2 P 0
L 5.9 2.575 5.9070827 2.5820827 2 P 0
L 5.9070827 2.0241673 5.9070827 2.28125 0 P 0
L 5.9070827 2.0241673 5.95 1.98125 0 P 0
L 5.9070827 2.28125 5.9070827 2.4161378 2 P 0
L 5.9070827 2.4161378 5.9237205 2.4327756 2 P 0
L 5.9070827 2.5820827 5.9070827 2.7310984 2 P 0
L 5.9070827 2.7310984 5.9237205 2.7477362 2 P 0
L 5.9070827 2.7730548 5.9070827 2.9429173 2 P 0
L 5.9072342 2.54375 5.93125 2.54375 2 P 0
L 5.91875 1.61875 5.91875 1.65 0 P 0
L 5.91875 1.96875 6.1625 1.96875 0 P 0
L 5.91875 2.9049705 5.91875 2.95 2 P 0
L 5.91875 2.9049705 5.94375 2.8799705 2 P 0
L 5.91875 2.9875 5.95625 2.95 2 P 0
L 5.9237205 2.4012795 5.96875 2.446309 2 P 0
L 5.9237205 2.4642717 5.95625 2.4968012 2 P 0
L 5.925 3 5.93125 2.99375 0 P 0
L 5.9293366 1.7719232 6.0276945 1.7719232 0 P 0
L 5.93125 2.54375 5.94375 2.55625 2 P 0
L 5.93125 2.99375 5.96875 2.95625 2 P 0
L 5.94375 2.55625 5.94375 2.8799705 2 P 0
L 5.95 1.61875 5.95 1.6371177 0 P 0
L 5.95 1.98125 6.19375 1.98125 0 P 0
L 5.95625 2.4968012 5.95625 2.95 2 P 0
L 5.96875 2.446309 5.96875 2.95625 2 P 0
L 5.99375 3.15 6.09375 3.05 0 P 0
L 5.9992417 3.1632583 6.10625 3.05625 0 P 0
L 6.0276945 1.7719232 6.1218268 1.6777909 0 P 0
L 6.0592728 1.6094772 6.0592728 1.6278449 0 P 0
L 6.0592728 1.6094772 6.1 1.56875 0 P 0
L 6.0625 1.43125 6.14375 1.35 0 P 0
L 6.09375 2.4125 6.09375 3.05 0 P 0
L 6.09375 2.4125 6.16875 2.3375 0 P 0
L 6.10625 2.4327756 6.10625 3.05625 0 P 0
L 6.10625 2.4327756 6.1452756 2.39375 0 P 0
L 6.1125 1.5375 6.1125 1.5398145 0 P 0
L 6.1125 1.5398145 6.1218268 1.5491413 0 P 0
L 6.1218268 1.5491413 6.1218268 1.6777909 0 P 0
L 6.1245115 4.45625 6.1732284 4.4075331 1 P 0
L 6.13125 1.95625 6.15 1.9375 0 P 0
L 6.1452756 2.39375 6.4441323 2.39375 0 P 0
L 6.1625 1.96875 6.18125 1.95 0 P 0
L 6.16875 2.3375 6.39375 2.3375 0 P 0
L 6.19375 1.98125 6.20625 1.96875 0 P 0
L 6.4441323 2.39375 6.5503823 2.2875 0 P 0
L 6.4875 2.85625 6.4875 3.175 0 P 0
L 6.5125 2.0628823 6.5125 2.28125 0 P 0
L 6.5125 2.0628823 6.70625 1.8691323 0 P 0
L 6.5503823 2.2875 6.61875 2.2875 0 P 0
L 6.5625 2.35 6.5625 3.05625 0 P 0
L 6.5625 3.05625 6.5875 3.08125 0 P 0
L 6.61875 2.2875 6.65 2.31875 0 P 0
L 6.65 2.31875 7.0375 2.31875 0 P 0
L 6.65 3.2 6.66875 3.18125 0 P 0
L 6.66875 2.8375 6.66875 3.18125 0 P 0
L 6.70625 1.84375 6.70625 1.8691323 0 P 0
L 6.70625 1.84375 6.75 1.8 0 P 0
L 6.7125 2.83125 6.7125 3.25625 0 P 0
L 6.71875 1.9475005 6.7208672 1.9475005 0 P 0
L 6.7208672 1.9475005 6.86875 1.7996177 0 P 0
L 6.75 1.69375 6.75 1.8 0 P 0
L 6.76875 2.40625 6.76875 3.2 1 P 0
L 6.76875 2.40625 6.825 2.35 1 P 0
L 6.80625 2.88125 6.80625 3.13125 0 P 0
L 6.80625 2.88125 6.8283161 2.8591839 0 P 0
L 6.80625 3.13125 6.83125 3.15625 0 P 0
L 6.825 2.35 6.9625 2.35 1 P 0
L 6.8283161 2.6658161 6.8283161 2.8591839 0 P 0
L 6.85 2.6375 6.85 2.6566323 0 P 0
L 6.85 2.6375 6.88125 2.60625 0 P 0
L 6.85 2.6566323 6.8501429 2.6567752 0 P 0
L 6.8501429 2.6567752 6.8501429 2.8563929 0 P 0
L 6.8501429 2.8563929 6.88125 2.8875 0 P 0
L 6.85625 1.1125 6.86875 1.125 0 P 0
L 6.86875 1.125 6.86875 1.7996177 0 P 0
L 6.88125 2.8875 6.88125 3.14375 0 P 0
L 6.94375 2.9 6.94375 3.08125 0 P 0
L 6.94375 2.9 6.98125 2.8625 0 P 0
L 7.0375 2.31875 7.11875 2.2375 0 P 0
P 0.7283859 0.2684252 4 P 0 0 ;0=1,1=0
P 0.7283859 0.3864173 4 P 0 0 ;0=1,1=0
P 6.7667323 4.3694882 3 P 0 0 ;0=0,1=0
P 7.4064961 4.3694882 3 P 0 0 ;0=0,1=0
S P 0
OB 0.4 1.7624625 I
OS 0.395 1.7603914
OS 0.3928219 1.7625695
OS 0.3873724 1.7648267
OS 0.381474 1.7648267
OS 0.3760245 1.7625695
OS 0.3718537 1.7583987
OS 0.3695965 1.7529492
OS 0.3695965 1.7470508
OS 0.3718537 1.7416013
OS 0.3760245 1.7374305
OS 0.381474 1.7351733
OS 0.3873724 1.7351733
OS 0.3928219 1.7374305
OS 0.395 1.7396086
OS 0.4 1.7375375
OS 0.4 1.66875
OS 0.18125 1.66875
OS 0.18125 0.9710767
OS 0.1783008 0.9710767
OS 0.1728513 0.9688195
OS 0.1686805 0.9646487
OS 0.1664233 0.9591992
OS 0.1664233 0.9533008
OS 0.1686805 0.9478513
OS 0.1728513 0.9436805
OS 0.1783008 0.9414233
OS 0.18125 0.9414233
OS 0.18125 0.8835767
OS 0.1783008 0.8835767
OS 0.1728513 0.8813195
OS 0.1686805 0.8771487
OS 0.1664233 0.8716992
OS 0.1664233 0.8658008
OS 0.1686805 0.8603513
OS 0.1728513 0.8561805
OS 0.1783008 0.8539233
OS 0.18125 0.8539233
OS 0.18125 0.5375
OS 0.78125 0.5375
OS 0.78125 0.1875
OS 0.325 0.1875
OS 0.325 0.325
OS 0.0830698 0.325
OS 0.0830698 1.8
OS 0.4 1.8
OS 0.4 1.7624625
OE
OB 0.7363861 0.4256847 H
OS 0.7363861 0.3944173
OS 0.7676534 0.3944173
OS 0.76566 0.4018567
OS 0.7603939 0.4109779
OS 0.7529465 0.4184253
OS 0.7438253 0.4236914
OS 0.7363861 0.4256847
OE
OB 0.7203861 0.4256848 H
OS 0.7129465 0.4236914
OS 0.7038253 0.4184253
OS 0.6963779 0.4109779
OS 0.6911118 0.4018567
OS 0.6891184 0.3944173
OS 0.7203861 0.3944173
OS 0.7203861 0.4256848
OE
OB 0.6148699 0.4204173 H
OS 0.6059175 0.4204173
OS 0.5972702 0.4181003
OS 0.5895172 0.4136241
OS 0.5831869 0.4072938
OS 0.5787107 0.3995408
OS 0.5763937 0.3908935
OS 0.5763937 0.3819411
OS 0.5787107 0.3732938
OS 0.5831869 0.3655408
OS 0.5895172 0.3592105
OS 0.5972702 0.3547343
OS 0.6059175 0.3524173
OS 0.6148699 0.3524173
OS 0.6235172 0.3547343
OS 0.6312702 0.3592105
OS 0.6376005 0.3655408
OS 0.6420767 0.3732938
OS 0.6443937 0.3819411
OS 0.6443937 0.3908935
OS 0.6420767 0.3995408
OS 0.6376005 0.4072938
OS 0.6312702 0.4136241
OS 0.6235172 0.4181003
OS 0.6148699 0.4204173
OE
OB 0.7676534 0.3784173 H
OS 0.7363861 0.3784173
OS 0.7363861 0.3471499
OS 0.7438253 0.3491432
OS 0.7529465 0.3544093
OS 0.7603939 0.3618567
OS 0.76566 0.3709779
OS 0.7676534 0.3784173
OE
OB 0.7203861 0.3784173 H
OS 0.6891184 0.3784173
OS 0.6911118 0.3709779
OS 0.6963779 0.3618567
OS 0.7038253 0.3544093
OS 0.7129465 0.3491432
OS 0.7203861 0.3471498
OS 0.7203861 0.3784173
OE
OB 0.7363861 0.3076926 H
OS 0.7363861 0.2764252
OS 0.7676534 0.2764252
OS 0.76566 0.2838646
OS 0.7603939 0.2929858
OS 0.7529465 0.3004332
OS 0.7438253 0.3056993
OS 0.7363861 0.3076926
OE
OB 0.7203861 0.3076927 H
OS 0.7129465 0.3056993
OS 0.7038253 0.3004332
OS 0.6963779 0.2929858
OS 0.6911118 0.2838646
OS 0.6891184 0.2764252
OS 0.7203861 0.2764252
OS 0.7203861 0.3076927
OE
OB 0.6148699 0.3024252 H
OS 0.6059175 0.3024252
OS 0.5972702 0.3001082
OS 0.5895172 0.295632
OS 0.5831869 0.2893017
OS 0.5787107 0.2815487
OS 0.5763937 0.2729014
OS 0.5763937 0.263949
OS 0.5787107 0.2553017
OS 0.5831869 0.2475487
OS 0.5895172 0.2412184
OS 0.5972702 0.2367422
OS 0.6059175 0.2344252
OS 0.6148699 0.2344252
OS 0.6235172 0.2367422
OS 0.6312702 0.2412184
OS 0.6376005 0.2475487
OS 0.6420767 0.2553017
OS 0.6443937 0.263949
OS 0.6443937 0.2729014
OS 0.6420767 0.2815487
OS 0.6376005 0.2893017
OS 0.6312702 0.295632
OS 0.6235172 0.3001082
OS 0.6148699 0.3024252
OE
OB 0.7676534 0.2604252 H
OS 0.7363861 0.2604252
OS 0.7363861 0.2291578
OS 0.7438253 0.2311511
OS 0.7529465 0.2364172
OS 0.7603939 0.2438646
OS 0.76566 0.2529858
OS 0.7676534 0.2604252
OE
OB 0.7203861 0.2604252 H
OS 0.6891184 0.2604252
OS 0.6911118 0.2529858
OS 0.6963779 0.2438646
OS 0.7038253 0.2364172
OS 0.7129465 0.2311511
OS 0.7203861 0.2291577
OS 0.7203861 0.2604252
OE
SE
S P 0
OB 6.65625 1.375 I
OS 6.5031409 1.375
OS 6.5004683 1.38
OS 6.5016141 1.3817149
OS 6.5027648 1.3875
OS 6.5016141 1.3932851
OS 6.4983371 1.3981895
OS 6.4934327 1.4014665
OS 6.4876476 1.4026172
OS 6.4818625 1.4014665
OS 6.4769581 1.3981895
OS 6.4736811 1.3932851
OS 6.4725304 1.3875
OS 6.4736811 1.3817149
OS 6.4748269 1.38
OS 6.4721543 1.375
OS 6.3517299 1.375
OS 6.3495351 1.3764665
OS 6.34375 1.3776172
OS 6.3379649 1.3764665
OS 6.3357701 1.375
OS 6.2574059 1.375
OS 6.2544395 1.3794395
OS 6.2495351 1.3827165
OS 6.24375 1.3838672
OS 6.2379649 1.3827165
OS 6.2330605 1.3794395
OS 6.2300941 1.375
OS 6.15 1.375
OS 6.15 1.5345067
OS 6.155 1.5371793
OS 6.1567149 1.5360335
OS 6.1625 1.5348828
OS 6.1682851 1.5360335
OS 6.1731895 1.5393105
OS 6.1764665 1.5442149
OS 6.1776172 1.55
OS 6.1764665 1.5557851
OS 6.1731895 1.5606895
OS 6.1682851 1.5639665
OS 6.1625 1.5651172
OS 6.1567149 1.5639665
OS 6.155 1.5628207
OS 6.15 1.5654933
OS 6.15 1.83125
OS 6.4184638 1.83125
OS 6.4199806 1.82625
OS 6.4184936 1.8252564
OS 6.4152166 1.820352
OS 6.4140659 1.8145669
OS 6.4152166 1.8087818
OS 6.4184936 1.8038774
OS 6.423398 1.8006004
OS 6.4291831 1.7994497
OS 6.4349682 1.8006004
OS 6.4398726 1.8038774
OS 6.4431496 1.8087818
OS 6.4443003 1.8145669
OS 6.4431496 1.820352
OS 6.4398726 1.8252564
OS 6.4383856 1.82625
OS 6.4399024 1.83125
OS 6.4910996 1.83125
OS 6.4939416 1.8266155
OS 6.4938908 1.82625
OS 6.4893105 1.8231895
OS 6.4860335 1.8182851
OS 6.4848828 1.8125
OS 6.4860335 1.8067149
OS 6.4893105 1.8018105
OS 6.4942149 1.7985335
OS 6.5 1.7973828
OS 6.5057851 1.7985335
OS 6.5106895 1.8018105
OS 6.5139665 1.8067149
OS 6.5151172 1.8125
OS 6.5139665 1.8182851
OS 6.5106895 1.8231895
OS 6.5061092 1.82625
OS 6.5060584 1.8266155
OS 6.5089004 1.83125
OS 6.65625 1.83125
OS 6.65625 1.375
OE
OB 6.63125 1.8151172 H
OS 6.6254649 1.8139665
OS 6.6205605 1.8106895
OS 6.6172835 1.8057851
OS 6.6161328 1.8
OS 6.6172835 1.7942149
OS 6.6205605 1.7893105
OS 6.6254649 1.7860335
OS 6.63125 1.7848828
OS 6.6370351 1.7860335
OS 6.6419395 1.7893105
OS 6.6452165 1.7942149
OS 6.6463672 1.8
OS 6.6452165 1.8057851
OS 6.6419395 1.8106895
OS 6.6370351 1.8139665
OS 6.63125 1.8151172
OE
OB 6.5875 1.8151172 H
OS 6.5817149 1.8139665
OS 6.5768105 1.8106895
OS 6.5735335 1.8057851
OS 6.5723828 1.8
OS 6.5735335 1.7942149
OS 6.5768105 1.7893105
OS 6.5817149 1.7860335
OS 6.5875 1.7848828
OS 6.5932851 1.7860335
OS 6.5981895 1.7893105
OS 6.6014665 1.7942149
OS 6.6026172 1.8
OS 6.6014665 1.8057851
OS 6.5981895 1.8106895
OS 6.5932851 1.8139665
OS 6.5875 1.8151172
OE
OB 6.29375 1.8026172 H
OS 6.2879649 1.8014665
OS 6.2830605 1.7981895
OS 6.2797835 1.7932851
OS 6.2786328 1.7875
OS 6.2797835 1.7817149
OS 6.2830605 1.7768105
OS 6.2879649 1.7735335
OS 6.29375 1.7723828
OS 6.2995351 1.7735335
OS 6.3044395 1.7768105
OS 6.3077165 1.7817149
OS 6.3088672 1.7875
OS 6.3077165 1.7932851
OS 6.3044395 1.7981895
OS 6.2995351 1.8014665
OS 6.29375 1.8026172
OE
OB 6.21875 1.8088672 H
OS 6.2129649 1.8077165
OS 6.2080605 1.8044395
OS 6.2047835 1.7995351
OS 6.2036328 1.79375
OS 6.2047835 1.7879649
OS 6.2080605 1.7830605
OS 6.2129649 1.7797835
OS 6.2146713 1.7794441
OS 6.2157272 1.7741361
OS 6.2143105 1.7731895
OS 6.2110335 1.7682851
OS 6.2098828 1.7625
OS 6.2110335 1.7567149
OS 6.2143105 1.7518105
OS 6.2192149 1.7485335
OS 6.225 1.7473828
OS 6.2307851 1.7485335
OS 6.2356895 1.7518105
OS 6.2389665 1.7567149
OS 6.2401172 1.7625
OS 6.2389665 1.7682851
OS 6.2356895 1.7731895
OS 6.2307851 1.7764665
OS 6.2290787 1.7768059
OS 6.2280228 1.7821139
OS 6.2294395 1.7830605
OS 6.2327165 1.7879649
OS 6.2338672 1.79375
OS 6.2327165 1.7995351
OS 6.2294395 1.8044395
OS 6.2245351 1.8077165
OS 6.21875 1.8088672
OE
OB 6.3375 1.7713672 H
OS 6.3317149 1.7702165
OS 6.3268105 1.7669395
OS 6.3235335 1.7620351
OS 6.3223828 1.75625
OS 6.3235335 1.7504649
OS 6.3268105 1.7455605
OS 6.3317149 1.7422835
OS 6.3375 1.7411328
OS 6.3432851 1.7422835
OS 6.3481895 1.7455605
OS 6.3514665 1.7504649
OS 6.3526172 1.75625
OS 6.3514665 1.7620351
OS 6.3481895 1.7669395
OS 6.3432851 1.7702165
OS 6.3375 1.7713672
OE
OB 6.40625 1.7588672 H
OS 6.4004649 1.7577165
OS 6.3955605 1.7544395
OS 6.3922835 1.7495351
OS 6.3911328 1.74375
OS 6.3922835 1.7379649
OS 6.3955605 1.7330605
OS 6.4004649 1.7297835
OS 6.40625 1.7286328
OS 6.4120351 1.7297835
OS 6.4169395 1.7330605
OS 6.4202165 1.7379649
OS 6.4213672 1.74375
OS 6.4202165 1.7495351
OS 6.4169395 1.7544395
OS 6.4120351 1.7577165
OS 6.40625 1.7588672
OE
OB 6.54375 1.7526172 H
OS 6.5379649 1.7514665
OS 6.5330605 1.7481895
OS 6.5297835 1.7432851
OS 6.5286328 1.7375
OS 6.5297835 1.7317149
OS 6.5330605 1.7268105
OS 6.5379649 1.7235335
OS 6.54375 1.7223828
OS 6.5495351 1.7235335
OS 6.5544395 1.7268105
OS 6.5577165 1.7317149
OS 6.5588672 1.7375
OS 6.5577165 1.7432851
OS 6.5544395 1.7481895
OS 6.5495351 1.7514665
OS 6.54375 1.7526172
OE
OB 6.63125 1.7276172 H
OS 6.6254649 1.7264665
OS 6.6205605 1.7231895
OS 6.6172835 1.7182851
OS 6.6161328 1.7125
OS 6.6172835 1.7067149
OS 6.6205605 1.7018105
OS 6.6254649 1.6985335
OS 6.63125 1.6973828
OS 6.6370351 1.6985335
OS 6.6419395 1.7018105
OS 6.6452165 1.7067149
OS 6.6463672 1.7125
OS 6.6452165 1.7182851
OS 6.6419395 1.7231895
OS 6.6370351 1.7264665
OS 6.63125 1.7276172
OE
OB 6.2877186 1.6886238 H
OS 6.2819335 1.6874731
OS 6.2770291 1.6841961
OS 6.2737521 1.6792917
OS 6.2726014 1.6735066
OS 6.2737521 1.6677215
OS 6.2770291 1.6628171
OS 6.2819335 1.6595401
OS 6.2877186 1.6583894
OS 6.2935037 1.6595401
OS 6.2984081 1.6628171
OS 6.3016851 1.6677215
OS 6.3028358 1.6735066
OS 6.3016851 1.6792917
OS 6.2984081 1.6841961
OS 6.2935037 1.6874731
OS 6.2877186 1.6886238
OE
OB 6.462057 1.6555207 H
OS 6.4562719 1.65437
OS 6.4513675 1.651093
OS 6.4480905 1.6461886
OS 6.4469398 1.6404035
OS 6.4480905 1.6346184
OS 6.4513675 1.629714
OS 6.4562719 1.626437
OS 6.462057 1.6252863
OS 6.4678421 1.626437
OS 6.4727465 1.629714
OS 6.4760235 1.6346184
OS 6.4771742 1.6404035
OS 6.4760235 1.6461886
OS 6.4727465 1.651093
OS 6.4678421 1.65437
OS 6.462057 1.6555207
OE
OB 6.41875 1.6555207 H
OS 6.4129649 1.65437
OS 6.4080605 1.651093
OS 6.4047835 1.6461886
OS 6.4036328 1.6404035
OS 6.4047835 1.6346184
OS 6.4080605 1.629714
OS 6.4129649 1.626437
OS 6.41875 1.6252863
OS 6.4245351 1.626437
OS 6.4294395 1.629714
OS 6.4327165 1.6346184
OS 6.4338672 1.6404035
OS 6.4327165 1.6461886
OS 6.4294395 1.651093
OS 6.4245351 1.65437
OS 6.41875 1.6555207
OE
OB 6.3754429 1.6555207 H
OS 6.3696578 1.65437
OS 6.3647534 1.651093
OS 6.3614764 1.6461886
OS 6.3603257 1.6404035
OS 6.3614764 1.6346184
OS 6.3647534 1.629714
OS 6.3696578 1.626437
OS 6.3754429 1.6252863
OS 6.381228 1.626437
OS 6.3861324 1.629714
OS 6.3894094 1.6346184
OS 6.3905601 1.6404035
OS 6.3894094 1.6461886
OS 6.3861324 1.651093
OS 6.381228 1.65437
OS 6.3754429 1.6555207
OE
OB 6.55625 1.6713672 H
OS 6.5504649 1.6702165
OS 6.5455605 1.6669395
OS 6.5422835 1.6620351
OS 6.5411328 1.65625
OS 6.5422835 1.6504649
OS 6.5455605 1.6455605
OS 6.5487896 1.6434029
OS 6.5488584 1.6432206
OS 6.5488584 1.6380294
OS 6.5487896 1.6378471
OS 6.5455605 1.6356895
OS 6.5422835 1.6307851
OS 6.5411328 1.625
OS 6.5422835 1.6192149
OS 6.5455605 1.6143105
OS 6.5504649 1.6110335
OS 6.55625 1.6098828
OS 6.5620351 1.6110335
OS 6.5669395 1.6143105
OS 6.5702165 1.6192149
OS 6.5713672 1.625
OS 6.5702165 1.6307851
OS 6.5669395 1.6356895
OS 6.5637104 1.6378471
OS 6.5636416 1.6380294
OS 6.5636416 1.6432206
OS 6.5637104 1.6434029
OS 6.5669395 1.6455605
OS 6.5702165 1.6504649
OS 6.5713672 1.65625
OS 6.5702165 1.6620351
OS 6.5669395 1.6669395
OS 6.5620351 1.6702165
OS 6.55625 1.6713672
OE
OB 6.462057 1.6122137 H
OS 6.4562719 1.611063
OS 6.4513675 1.607786
OS 6.4480905 1.6028816
OS 6.4469398 1.5970965
OS 6.4480905 1.5913114
OS 6.4513675 1.586407
OS 6.4562719 1.58313
OS 6.462057 1.5819793
OS 6.4678421 1.58313
OS 6.4727465 1.586407
OS 6.4760235 1.5913114
OS 6.4771742 1.5970965
OS 6.4760235 1.6028816
OS 6.4727465 1.607786
OS 6.4678421 1.611063
OS 6.462057 1.6122137
OE
OB 6.41875 1.6122137 H
OS 6.4129649 1.611063
OS 6.4080605 1.607786
OS 6.4047835 1.6028816
OS 6.4036328 1.5970965
OS 6.4047835 1.5913114
OS 6.4080605 1.586407
OS 6.4129649 1.58313
OS 6.41875 1.5819793
OS 6.4245351 1.58313
OS 6.4294395 1.586407
OS 6.4327165 1.5913114
OS 6.4338672 1.5970965
OS 6.4327165 1.6028816
OS 6.4294395 1.607786
OS 6.4245351 1.611063
OS 6.41875 1.6122137
OE
OB 6.3754429 1.6122137 H
OS 6.3696578 1.611063
OS 6.3647534 1.607786
OS 6.3614764 1.6028816
OS 6.3603257 1.5970965
OS 6.3614764 1.5913114
OS 6.3647534 1.586407
OS 6.3696578 1.58313
OS 6.3754429 1.5819793
OS 6.381228 1.58313
OS 6.3861324 1.586407
OS 6.3894094 1.5913114
OS 6.3905601 1.5970965
OS 6.3894094 1.6028816
OS 6.3861324 1.607786
OS 6.381228 1.611063
OS 6.3754429 1.6122137
OE
OB 6.63125 1.6401172 H
OS 6.6254649 1.6389665
OS 6.6205605 1.6356895
OS 6.6172835 1.6307851
OS 6.6161328 1.625
OS 6.6172835 1.6192149
OS 6.6205605 1.6143105
OS 6.6219772 1.6133639
OS 6.6209213 1.6080559
OS 6.6192149 1.6077165
OS 6.6143105 1.6044395
OS 6.6110335 1.5995351
OS 6.6098828 1.59375
OS 6.6110335 1.5879649
OS 6.6143105 1.5830605
OS 6.6192149 1.5797835
OS 6.625 1.5786328
OS 6.6307851 1.5797835
OS 6.6356895 1.5830605
OS 6.6389665 1.5879649
OS 6.6401172 1.59375
OS 6.6389665 1.5995351
OS 6.6356895 1.6044395
OS 6.6342728 1.6053861
OS 6.6353287 1.6106941
OS 6.6370351 1.6110335
OS 6.6419395 1.6143105
OS 6.6452165 1.6192149
OS 6.6463672 1.625
OS 6.6452165 1.6307851
OS 6.6419395 1.6356895
OS 6.6370351 1.6389665
OS 6.63125 1.6401172
OE
OB 6.2887114 1.6072734 H
OS 6.2829263 1.6061227
OS 6.2780219 1.6028457
OS 6.2747449 1.5979413
OS 6.2735942 1.5921562
OS 6.2747449 1.5863711
OS 6.2780219 1.5814667
OS 6.2829263 1.5781897
OS 6.2887114 1.577039
OS 6.2944965 1.5781897
OS 6.2994009 1.5814667
OS 6.3026779 1.5863711
OS 6.3038286 1.5921562
OS 6.3026779 1.5979413
OS 6.2994009 1.6028457
OS 6.2944965 1.6061227
OS 6.2887114 1.6072734
OE
OB 6.5875 1.5526172 H
OS 6.5817149 1.5514665
OS 6.5768105 1.5481895
OS 6.5735335 1.5432851
OS 6.5723828 1.5375
OS 6.5735335 1.5317149
OS 6.5768105 1.5268105
OS 6.5817149 1.5235335
OS 6.5875 1.5223828
OS 6.5932851 1.5235335
OS 6.5981895 1.5268105
OS 6.6014665 1.5317149
OS 6.6026172 1.5375
OS 6.6014665 1.5432851
OS 6.5981895 1.5481895
OS 6.5932851 1.5514665
OS 6.5875 1.5526172
OE
OB 6.225 1.5338672 H
OS 6.2192149 1.5327165
OS 6.2143105 1.5294395
OS 6.2110335 1.5245351
OS 6.2098828 1.51875
OS 6.2110335 1.5129649
OS 6.2143105 1.5080605
OS 6.2192149 1.5047835
OS 6.225 1.5036328
OS 6.2307851 1.5047835
OS 6.2356895 1.5080605
OS 6.2389665 1.5129649
OS 6.2401172 1.51875
OS 6.2389665 1.5245351
OS 6.2356895 1.5294395
OS 6.2307851 1.5327165
OS 6.225 1.5338672
OE
OB 6.53125 1.5151172 H
OS 6.5254649 1.5139665
OS 6.5205605 1.5106895
OS 6.5172835 1.5057851
OS 6.5161328 1.5
OS 6.5172835 1.4942149
OS 6.5205605 1.4893105
OS 6.5254649 1.4860335
OS 6.53125 1.4848828
OS 6.5370351 1.4860335
OS 6.5419395 1.4893105
OS 6.5452165 1.4942149
OS 6.5463672 1.5
OS 6.5452165 1.5057851
OS 6.5419395 1.5106895
OS 6.5370351 1.5139665
OS 6.53125 1.5151172
OE
OB 6.5625 1.4838672 H
OS 6.5567149 1.4827165
OS 6.5518105 1.4794395
OS 6.5485335 1.4745351
OS 6.5473828 1.46875
OS 6.5485335 1.4629649
OS 6.5518105 1.4580605
OS 6.5567149 1.4547835
OS 6.5625 1.4536328
OS 6.5682851 1.4547835
OS 6.5731895 1.4580605
OS 6.5764665 1.4629649
OS 6.5776172 1.46875
OS 6.5764665 1.4745351
OS 6.5731895 1.4794395
OS 6.5682851 1.4827165
OS 6.5625 1.4838672
OE
OB 6.5 1.4838672 H
OS 6.4942149 1.4827165
OS 6.4893105 1.4794395
OS 6.4860335 1.4745351
OS 6.4848828 1.46875
OS 6.4860335 1.4629649
OS 6.4893105 1.4580605
OS 6.4942149 1.4547835
OS 6.5 1.4536328
OS 6.5057851 1.4547835
OS 6.5106895 1.4580605
OS 6.5139665 1.4629649
OS 6.5151172 1.46875
OS 6.5139665 1.4745351
OS 6.5106895 1.4794395
OS 6.5057851 1.4827165
OS 6.5 1.4838672
OE
OB 6.3754429 1.4963672 H
OS 6.3696578 1.4952165
OS 6.3647534 1.4919395
OS 6.3614764 1.4870351
OS 6.3603257 1.48125
OS 6.3614764 1.4754649
OS 6.3647534 1.4705605
OS 6.3696578 1.4672835
OS 6.3754429 1.4661328
OS 6.381228 1.4672835
OS 6.3861324 1.4705605
OS 6.3865062 1.47112
OS 6.3912162 1.4691691
OS 6.3911328 1.46875
OS 6.3922835 1.4629649
OS 6.3955605 1.4580605
OS 6.4004649 1.4547835
OS 6.40625 1.4536328
OS 6.4120351 1.4547835
OS 6.4169395 1.4580605
OS 6.4190971 1.4612896
OS 6.4192794 1.4613584
OS 6.4244706 1.4613584
OS 6.4246529 1.4612896
OS 6.4268105 1.4580605
OS 6.4317149 1.4547835
OS 6.4375 1.4536328
OS 6.4432851 1.4547835
OS 6.4481895 1.4580605
OS 6.4514665 1.4629649
OS 6.4526172 1.46875
OS 6.4514665 1.4745351
OS 6.4481895 1.4794395
OS 6.4432851 1.4827165
OS 6.4375 1.4838672
OS 6.4317149 1.4827165
OS 6.4268105 1.4794395
OS 6.4246529 1.4762104
OS 6.4244706 1.4761416
OS 6.4192794 1.4761416
OS 6.4190971 1.4762104
OS 6.4169395 1.4794395
OS 6.4120351 1.4827165
OS 6.40625 1.4838672
OS 6.4004649 1.4827165
OS 6.3955605 1.4794395
OS 6.3951867 1.47888
OS 6.3904767 1.4808309
OS 6.3905601 1.48125
OS 6.3894094 1.4870351
OS 6.3861324 1.4919395
OS 6.381228 1.4952165
OS 6.3754429 1.4963672
OE
OB 6.34375 1.4526172 H
OS 6.3379649 1.4514665
OS 6.3330605 1.4481895
OS 6.3297835 1.4432851
OS 6.3286328 1.4375
OS 6.3297835 1.4317149
OS 6.3330605 1.4268105
OS 6.3379649 1.4235335
OS 6.34375 1.4223828
OS 6.3495351 1.4235335
OS 6.3544395 1.4268105
OS 6.3577165 1.4317149
OS 6.3588672 1.4375
OS 6.3577165 1.4432851
OS 6.3544395 1.4481895
OS 6.3495351 1.4514665
OS 6.34375 1.4526172
OE
OB 6.29375 1.4526172 H
OS 6.2879649 1.4514665
OS 6.2830605 1.4481895
OS 6.2797835 1.4432851
OS 6.2786328 1.4375
OS 6.2797835 1.4317149
OS 6.2830605 1.4268105
OS 6.2879649 1.4235335
OS 6.29375 1.4223828
OS 6.2995351 1.4235335
OS 6.3044395 1.4268105
OS 6.3077165 1.4317149
OS 6.3088672 1.4375
OS 6.3077165 1.4432851
OS 6.3044395 1.4481895
OS 6.2995351 1.4514665
OS 6.29375 1.4526172
OE
OB 6.59375 1.4151172 H
OS 6.5879649 1.4139665
OS 6.5830605 1.4106895
OS 6.5797835 1.4057851
OS 6.5786328 1.4
OS 6.5797835 1.3942149
OS 6.5830605 1.3893105
OS 6.5879649 1.3860335
OS 6.59375 1.3848828
OS 6.5995351 1.3860335
OS 6.6044395 1.3893105
OS 6.6077165 1.3942149
OS 6.6088672 1.4
OS 6.6077165 1.4057851
OS 6.6044395 1.4106895
OS 6.5995351 1.4139665
OS 6.59375 1.4151172
OE
OB 6.34375 1.4151172 H
OS 6.3379649 1.4139665
OS 6.3330605 1.4106895
OS 6.3297835 1.4057851
OS 6.3286328 1.4
OS 6.3297835 1.3942149
OS 6.3330605 1.3893105
OS 6.3379649 1.3860335
OS 6.34375 1.3848828
OS 6.3495351 1.3860335
OS 6.3544395 1.3893105
OS 6.3577165 1.3942149
OS 6.3588672 1.4
OS 6.3577165 1.4057851
OS 6.3544395 1.4106895
OS 6.3495351 1.4139665
OS 6.34375 1.4151172
OE
SE
S P 0
OB 7.4169303 4.6456693 I
OS 7.4181984 4.6426078
OS 7.4212599 4.6413397
OS 7.5375 4.6413397
OS 7.5375 4.30625
OS 7.4187689 4.30625
OS 7.4181039 4.3111324
OS 7.4292654 4.3145182
OS 7.439552 4.3200165
OS 7.4485683 4.327416
OS 7.4559678 4.3364323
OS 7.4614661 4.3467189
OS 7.4648519 4.3578805
OS 7.4652072 4.3614878
OS 7.4064959 4.3614878
OS 7.347785 4.3614878
OS 7.3481403 4.3578805
OS 7.3515261 4.3467189
OS 7.3570244 4.3364323
OS 7.3644239 4.327416
OS 7.3734402 4.3200165
OS 7.3837268 4.3145182
OS 7.3948883 4.3111324
OS 7.3942233 4.30625
OS 7.247237 4.30625
OS 7.2455397 4.31125
OS 7.2482696 4.3133447
OS 7.2530126 4.319526
OS 7.2559942 4.3267242
OS 7.2570112 4.3344489
OS 7.2559942 4.3421736
OS 7.2530126 4.3493718
OS 7.2482696 4.3555531
OS 7.2420883 4.3602961
OS 7.2348901 4.3632777
OS 7.2271654 4.3642947
OS 7.2194407 4.3632777
OS 7.2122425 4.3602961
OS 7.2060612 4.3555531
OS 7.2013182 4.3493718
OS 7.1983366 4.3421736
OS 7.1973196 4.3344489
OS 7.1983366 4.3267242
OS 7.2013182 4.319526
OS 7.2060612 4.3133447
OS 7.2087911 4.31125
OS 7.2070938 4.30625
OS 7.166922 4.30625
OS 7.1652247 4.31125
OS 7.1679546 4.3133447
OS 7.1726976 4.319526
OS 7.1756792 4.3267242
OS 7.1766962 4.3344489
OS 7.1756792 4.3421736
OS 7.1726976 4.3493718
OS 7.1679546 4.3555531
OS 7.1617733 4.3602961
OS 7.1545751 4.3632777
OS 7.1468504 4.3642947
OS 7.1391257 4.3632777
OS 7.1319275 4.3602961
OS 7.1257462 4.3555531
OS 7.1210032 4.3493718
OS 7.1180216 4.3421736
OS 7.1170046 4.3344489
OS 7.1180216 4.3267242
OS 7.1210032 4.319526
OS 7.1257462 4.3133447
OS 7.1284761 4.31125
OS 7.1267788 4.30625
OS 7.086607 4.30625
OS 7.0849097 4.31125
OS 7.0876396 4.3133447
OS 7.0923826 4.319526
OS 7.0953642 4.3267242
OS 7.0963812 4.3344489
OS 7.0953642 4.3421736
OS 7.0923826 4.3493718
OS 7.0876396 4.3555531
OS 7.0814583 4.3602961
OS 7.0742601 4.3632777
OS 7.0665354 4.3642947
OS 7.0588107 4.3632777
OS 7.0516125 4.3602961
OS 7.0454312 4.3555531
OS 7.0406882 4.3493718
OS 7.0377066 4.3421736
OS 7.0366896 4.3344489
OS 7.0377066 4.3267242
OS 7.0406882 4.319526
OS 7.0454312 4.3133447
OS 7.0481611 4.31125
OS 7.0464638 4.30625
OS 7.0062921 4.30625
OS 7.0045948 4.31125
OS 7.0073247 4.3133447
OS 7.0120677 4.319526
OS 7.0150493 4.3267242
OS 7.0160663 4.3344489
OS 7.0150493 4.3421736
OS 7.0120677 4.3493718
OS 7.0073247 4.3555531
OS 7.0011434 4.3602961
OS 6.9939452 4.3632777
OS 6.9862205 4.3642947
OS 6.9784958 4.3632777
OS 6.9712976 4.3602961
OS 6.9651163 4.3555531
OS 6.9603733 4.3493718
OS 6.9573917 4.3421736
OS 6.9563747 4.3344489
OS 6.9573917 4.3267242
OS 6.9603733 4.319526
OS 6.9651163 4.3133447
OS 6.9678462 4.31125
OS 6.9661489 4.30625
OS 6.7790051 4.30625
OS 6.7783401 4.3111324
OS 6.7895016 4.3145182
OS 6.7997882 4.3200165
OS 6.8088045 4.327416
OS 6.816204 4.3364323
OS 6.8217023 4.3467189
OS 6.8250881 4.3578805
OS 6.8254434 4.3614878
OS 6.7667317 4.3614878
OS 6.7080212 4.3614878
OS 6.7083765 4.3578805
OS 6.7117623 4.3467189
OS 6.7172606 4.3364323
OS 6.7246601 4.327416
OS 6.7336764 4.3200165
OS 6.743963 4.3145182
OS 6.7551245 4.3111324
OS 6.7544595 4.30625
OS 6.69375 4.30625
OS 6.69375 4.6413397
OS 6.7519684 4.6413397
OS 6.7550299 4.6426078
OS 6.756298 4.6456693
OS 6.756298 4.7125
OS 7.4169303 4.7125
OS 7.4169303 4.6456693
OE
OB 7.3366142 4.5748426 H
OS 7.3228964 4.5734915
OS 7.3097058 4.5694902
OS 7.2975493 4.5629924
OS 7.286894 4.5542478
OS 7.2781494 4.5435925
OS 7.2716516 4.531436
OS 7.2676503 4.5182454
OS 7.2662992 4.5045276
OS 7.2676503 4.4908098
OS 7.2716516 4.4776192
OS 7.2781494 4.4654627
OS 7.286894 4.4548074
OS 7.2975493 4.4460628
OS 7.3097058 4.439565
OS 7.3228964 4.4355637
OS 7.3366142 4.4342126
OS 7.350332 4.4355637
OS 7.3635226 4.439565
OS 7.3756791 4.4460628
OS 7.3863344 4.4548074
OS 7.395079 4.4654627
OS 7.4015768 4.4776192
OS 7.4055781 4.4908098
OS 7.4069292 4.5045276
OS 7.4055781 4.5182454
OS 7.4015768 4.531436
OS 7.395079 4.5435925
OS 7.3863344 4.5542478
OS 7.3756791 4.5629924
OS 7.3635226 4.5694902
OS 7.350332 4.5734915
OS 7.3366142 4.5748426
OE
OB 6.8366142 4.5748426 H
OS 6.8228964 4.5734915
OS 6.8097058 4.5694902
OS 6.7975493 4.5629924
OS 6.786894 4.5542478
OS 6.7781494 4.5435925
OS 6.7716516 4.531436
OS 6.7676503 4.5182454
OS 6.7662992 4.5045276
OS 6.7676503 4.4908098
OS 6.7716516 4.4776192
OS 6.7781494 4.4654627
OS 6.786894 4.4548074
OS 6.7975493 4.4460628
OS 6.8097058 4.439565
OS 6.8228964 4.4355637
OS 6.8366142 4.4342126
OS 6.850332 4.4355637
OS 6.8635226 4.439565
OS 6.8756791 4.4460628
OS 6.8863344 4.4548074
OS 6.895079 4.4654627
OS 6.9015768 4.4776192
OS 6.9055781 4.4908098
OS 6.9069292 4.5045276
OS 6.9055781 4.5182454
OS 6.9015768 4.531436
OS 6.895079 4.5435925
OS 6.8863344 4.5542478
OS 6.8756791 4.5629924
OS 6.8635226 4.5694902
OS 6.850332 4.5734915
OS 6.8366142 4.5748426
OE
OB 7.4144959 4.4281994 H
OS 7.4144959 4.3774878
OS 7.4652073 4.3774878
OS 7.4648519 4.3810959
OS 7.4614661 4.3922575
OS 7.4559678 4.4025441
OS 7.4485683 4.4115604
OS 7.439552 4.4189599
OS 7.4292654 4.4244582
OS 7.4181038 4.427844
OS 7.4144959 4.4281994
OE
OB 6.7747317 4.4281994 H
OS 6.7747317 4.3774878
OS 6.8254435 4.3774878
OS 6.8250881 4.3810959
OS 6.8217023 4.3922575
OS 6.816204 4.4025441
OS 6.8088045 4.4115604
OS 6.7997882 4.4189599
OS 6.7895016 4.4244582
OS 6.77834 4.427844
OS 6.7747317 4.4281994
OE
OB 6.7587317 4.4281993 H
OS 6.7551246 4.427844
OS 6.743963 4.4244582
OS 6.7336764 4.4189599
OS 6.7246601 4.4115604
OS 6.7172606 4.4025441
OS 6.7117623 4.3922575
OS 6.7083765 4.3810959
OS 6.7080211 4.3774878
OS 6.7587317 4.3774878
OS 6.7587317 4.4281993
OE
OB 7.3984959 4.4281993 H
OS 7.3948884 4.427844
OS 7.3837268 4.4244582
OS 7.3734402 4.4189599
OS 7.3644239 4.4115604
OS 7.3570244 4.4025441
OS 7.3515261 4.3922575
OS 7.3481403 4.3810959
OS 7.3477849 4.3774878
OS 7.3984959 4.3774878
OS 7.3984959 4.4281993
OE
OB 7.1870079 4.4343734 H
OS 7.1792832 4.4333564
OS 7.172085 4.4303748
OS 7.1659037 4.4256318
OS 7.1611607 4.4194505
OS 7.1581791 4.4122523
OS 7.1571621 4.4045276
OS 7.1581791 4.3968029
OS 7.1611607 4.3896047
OS 7.1659037 4.3834234
OS 7.172085 4.3786804
OS 7.1792832 4.3756988
OS 7.1870079 4.3746818
OS 7.1947326 4.3756988
OS 7.2019308 4.3786804
OS 7.2081121 4.3834234
OS 7.2128551 4.3896047
OS 7.2158367 4.3968029
OS 7.2168537 4.4045276
OS 7.2158367 4.4122523
OS 7.2128551 4.4194505
OS 7.2081121 4.4256318
OS 7.2019308 4.4303748
OS 7.1947326 4.4333564
OS 7.1870079 4.4343734
OE
OB 7.1066929 4.4343734 H
OS 7.0989682 4.4333564
OS 7.09177 4.4303748
OS 7.0855887 4.4256318
OS 7.0808457 4.4194505
OS 7.0778641 4.4122523
OS 7.0768471 4.4045276
OS 7.0778641 4.3968029
OS 7.0808457 4.3896047
OS 7.0855887 4.3834234
OS 7.09177 4.3786804
OS 7.0989682 4.3756988
OS 7.1066929 4.3746818
OS 7.1144176 4.3756988
OS 7.1216158 4.3786804
OS 7.1277971 4.3834234
OS 7.1325401 4.3896047
OS 7.1355217 4.3968029
OS 7.1365387 4.4045276
OS 7.1355217 4.4122523
OS 7.1325401 4.4194505
OS 7.1277971 4.4256318
OS 7.1216158 4.4303748
OS 7.1144176 4.4333564
OS 7.1066929 4.4343734
OE
OB 7.026378 4.4343734 H
OS 7.0186533 4.4333564
OS 7.0114551 4.4303748
OS 7.0052738 4.4256318
OS 7.0005308 4.4194505
OS 6.9975492 4.4122523
OS 6.9965322 4.4045276
OS 6.9975492 4.3968029
OS 7.0005308 4.3896047
OS 7.0052738 4.3834234
OS 7.0114551 4.3786804
OS 7.0186533 4.3756988
OS 7.026378 4.3746818
OS 7.0341027 4.3756988
OS 7.0413009 4.3786804
OS 7.0474822 4.3834234
OS 7.0522252 4.3896047
OS 7.0552068 4.3968029
OS 7.0562238 4.4045276
OS 7.0552068 4.4122523
OS 7.0522252 4.4194505
OS 7.0474822 4.4256318
OS 7.0413009 4.4303748
OS 7.0341027 4.4333564
OS 7.026378 4.4343734
OE
OB 6.9588583 4.4344471 H
OS 6.9332677 4.4344471
OS 6.9267146 4.4331436
OS 6.9211591 4.4294315
OS 6.917447 4.423876
OS 6.9161435 4.4173229
OS 6.9161435 4.3917323
OS 6.917447 4.3851792
OS 6.9211591 4.3796237
OS 6.9267146 4.3759116
OS 6.9332677 4.3746081
OS 6.9588583 4.3746081
OS 6.9654114 4.3759116
OS 6.9709669 4.3796237
OS 6.974679 4.3851792
OS 6.9759825 4.3917323
OS 6.9759825 4.4173229
OS 6.974679 4.423876
OS 6.9709669 4.4294315
OS 6.9654114 4.4331436
OS 6.9588583 4.4344471
OE
SE
S P 0
OB 7.59375 4.0625 I
OS 7.78125 4.0625
OS 7.78125 3.8625
OS 6.66875 3.8625
OS 6.66875 3.7769067
OS 6.4225268 3.7769067
OS 6.4225268 4.0625
OS 6.69375 4.0625
OS 6.69375 4.3
OS 7.59375 4.3
OS 7.59375 4.0625
OE
OB 7.3566929 4.1745309 H
OS 7.3489682 4.1735139
OS 7.34177 4.1705323
OS 7.3355887 4.1657893
OS 7.3308457 4.159608
OS 7.3278641 4.1524098
OS 7.3268471 4.1446851
OS 7.3278641 4.1369604
OS 7.3308457 4.1297622
OS 7.3355887 4.1235809
OS 7.34177 4.1188379
OS 7.3489682 4.1158563
OS 7.3566929 4.1148393
OS 7.3644176 4.1158563
OS 7.3716158 4.1188379
OS 7.3777971 4.1235809
OS 7.3825401 4.1297622
OS 7.3855217 4.1369604
OS 7.3865387 4.1446851
OS 7.3855217 4.1524098
OS 7.3825401 4.159608
OS 7.3777971 4.1657893
OS 7.3716158 4.1705323
OS 7.3644176 4.1735139
OS 7.3566929 4.1745309
OE
OB 7.2665355 4.1745309 H
OS 7.2588108 4.1735139
OS 7.2516126 4.1705323
OS 7.2454313 4.1657893
OS 7.2406883 4.159608
OS 7.2377067 4.1524098
OS 7.2366897 4.1446851
OS 7.2377067 4.1369604
OS 7.2406883 4.1297622
OS 7.2454313 4.1235809
OS 7.2516126 4.1188379
OS 7.2588108 4.1158563
OS 7.2665355 4.1148393
OS 7.2742602 4.1158563
OS 7.2814584 4.1188379
OS 7.2876397 4.1235809
OS 7.2923827 4.1297622
OS 7.2953643 4.1369604
OS 7.2963813 4.1446851
OS 7.2953643 4.1524098
OS 7.2923827 4.159608
OS 7.2876397 4.1657893
OS 7.2814584 4.1705323
OS 7.2742602 4.1735139
OS 7.2665355 4.1745309
OE
OB 6.9066929 4.1745309 H
OS 6.8989682 4.1735139
OS 6.89177 4.1705323
OS 6.8855887 4.1657893
OS 6.8808457 4.159608
OS 6.8778641 4.1524098
OS 6.8768471 4.1446851
OS 6.8778641 4.1369604
OS 6.8808457 4.1297622
OS 6.8855887 4.1235809
OS 6.89177 4.1188379
OS 6.8989682 4.1158563
OS 6.9066929 4.1148393
OS 6.9144176 4.1158563
OS 6.9216158 4.1188379
OS 6.9277971 4.1235809
OS 6.9325401 4.1297622
OS 6.9355217 4.1369604
OS 6.9365387 4.1446851
OS 6.9355217 4.1524098
OS 6.9325401 4.159608
OS 6.9277971 4.1657893
OS 6.9216158 4.1705323
OS 6.9144176 4.1735139
OS 6.9066929 4.1745309
OE
OB 6.8165354 4.1745309 H
OS 6.8088107 4.1735139
OS 6.8016125 4.1705323
OS 6.7954312 4.1657893
OS 6.7906882 4.159608
OS 6.7877066 4.1524098
OS 6.7866896 4.1446851
OS 6.7877066 4.1369604
OS 6.7906882 4.1297622
OS 6.7954312 4.1235809
OS 6.8016125 4.1188379
OS 6.8088107 4.1158563
OS 6.8165354 4.1148393
OS 6.8242601 4.1158563
OS 6.8314583 4.1188379
OS 6.8376396 4.1235809
OS 6.8423826 4.1297622
OS 6.8453642 4.1369604
OS 6.8463812 4.1446851
OS 6.8453642 4.1524098
OS 6.8423826 4.159608
OS 6.8376396 4.1657893
OS 6.8314583 4.1705323
OS 6.8242601 4.1735139
OS 6.8165354 4.1745309
OE
OB 7.65 3.9776172 H
OS 7.6442149 3.9764665
OS 7.6393105 3.9731895
OS 7.6360335 3.9682851
OS 7.6348828 3.9625
OS 7.6360335 3.9567149
OS 7.6393105 3.9518105
OS 7.6442149 3.9485335
OS 7.65 3.9473828
OS 7.6557851 3.9485335
OS 7.6606895 3.9518105
OS 7.6639665 3.9567149
OS 7.6651172 3.9625
OS 7.6639665 3.9682851
OS 7.6606895 3.9731895
OS 7.6557851 3.9764665
OS 7.65 3.9776172
OE
OB 7.55 3.9776172 H
OS 7.5442149 3.9764665
OS 7.5393105 3.9731895
OS 7.5360335 3.9682851
OS 7.5348828 3.9625
OS 7.5360335 3.9567149
OS 7.5393105 3.9518105
OS 7.5442149 3.9485335
OS 7.55 3.9473828
OS 7.5557851 3.9485335
OS 7.5606895 3.9518105
OS 7.5639665 3.9567149
OS 7.5651172 3.9625
OS 7.5639665 3.9682851
OS 7.5606895 3.9731895
OS 7.5557851 3.9764665
OS 7.55 3.9776172
OE
OB 7.4 3.9776172 H
OS 7.3942149 3.9764665
OS 7.3893105 3.9731895
OS 7.3860335 3.9682851
OS 7.3848828 3.9625
OS 7.3860335 3.9567149
OS 7.3893105 3.9518105
OS 7.3942149 3.9485335
OS 7.4 3.9473828
OS 7.4057851 3.9485335
OS 7.4106895 3.9518105
OS 7.4139665 3.9567149
OS 7.4151172 3.9625
OS 7.4139665 3.9682851
OS 7.4106895 3.9731895
OS 7.4057851 3.9764665
OS 7.4 3.9776172
OE
OB 7.3 3.9776172 H
OS 7.2942149 3.9764665
OS 7.2893105 3.9731895
OS 7.2860335 3.9682851
OS 7.2848828 3.9625
OS 7.2860335 3.9567149
OS 7.2893105 3.9518105
OS 7.2942149 3.9485335
OS 7.3 3.9473828
OS 7.3057851 3.9485335
OS 7.3106895 3.9518105
OS 7.3139665 3.9567149
OS 7.3151172 3.9625
OS 7.3139665 3.9682851
OS 7.3106895 3.9731895
OS 7.3057851 3.9764665
OS 7.3 3.9776172
OE
OB 7.1125 3.9776172 H
OS 7.1067149 3.9764665
OS 7.1018105 3.9731895
OS 7.0985335 3.9682851
OS 7.0973828 3.9625
OS 7.0985335 3.9567149
OS 7.1018105 3.9518105
OS 7.1067149 3.9485335
OS 7.1125 3.9473828
OS 7.1182851 3.9485335
OS 7.1231895 3.9518105
OS 7.1264665 3.9567149
OS 7.1276172 3.9625
OS 7.1264665 3.9682851
OS 7.1231895 3.9731895
OS 7.1182851 3.9764665
OS 7.1125 3.9776172
OE
OB 7.0125 3.9776172 H
OS 7.0067149 3.9764665
OS 7.0018105 3.9731895
OS 6.9985335 3.9682851
OS 6.9973828 3.9625
OS 6.9985335 3.9567149
OS 7.0018105 3.9518105
OS 7.0067149 3.9485335
OS 7.0125 3.9473828
OS 7.0182851 3.9485335
OS 7.0231895 3.9518105
OS 7.0264665 3.9567149
OS 7.0276172 3.9625
OS 7.0264665 3.9682851
OS 7.0231895 3.9731895
OS 7.0182851 3.9764665
OS 7.0125 3.9776172
OE
OB 6.8625 3.9776172 H
OS 6.8567149 3.9764665
OS 6.8518105 3.9731895
OS 6.8485335 3.9682851
OS 6.8473828 3.9625
OS 6.8485335 3.9567149
OS 6.8518105 3.9518105
OS 6.8567149 3.9485335
OS 6.8625 3.9473828
OS 6.8682851 3.9485335
OS 6.8731895 3.9518105
OS 6.8764665 3.9567149
OS 6.8776172 3.9625
OS 6.8764665 3.9682851
OS 6.8731895 3.9731895
OS 6.8682851 3.9764665
OS 6.8625 3.9776172
OE
OB 6.7625 3.9776172 H
OS 6.7567149 3.9764665
OS 6.7518105 3.9731895
OS 6.7485335 3.9682851
OS 6.7473828 3.9625
OS 6.7485335 3.9567149
OS 6.7518105 3.9518105
OS 6.7567149 3.9485335
OS 6.7625 3.9473828
OS 6.7682851 3.9485335
OS 6.7731895 3.9518105
OS 6.7764665 3.9567149
OS 6.7776172 3.9625
OS 6.7764665 3.9682851
OS 6.7731895 3.9731895
OS 6.7682851 3.9764665
OS 6.7625 3.9776172
OE
SE
S P 0
OB 7.64895 0.362325 I
OS 7.6351 0.362325
OS 7.6339 0.355775
OS 7.63395 0.355775
OS 7.634 0.355825
OS 7.63415 0.355875
OS 7.63435 0.355975
OS 7.63485 0.356175
OS 7.63545 0.356425
OS 7.63625 0.356625
OS 7.6371 0.356825
OS 7.638 0.356975
OS 7.63895 0.357025
OS 7.63945 0.357025
OS 7.63975 0.356975
OS 7.6402 0.356925
OS 7.6407 0.356825
OS 7.64125 0.356725
OS 7.64185 0.356575
OS 7.64245 0.356375
OS 7.64315 0.356125
OS 7.6438 0.355875
OS 7.6445 0.355525
OS 7.6452 0.355075
OS 7.6459 0.354625
OS 7.6466 0.354075
OS 7.64725 0.353425
OS 7.6473 0.353375
OS 7.6474 0.353275
OS 7.64755 0.353075
OS 7.6478 0.352775
OS 7.64805 0.352425
OS 7.64835 0.351975
OS 7.64865 0.351475
OS 7.64895 0.350925
OS 7.64925 0.350275
OS 7.6496 0.349575
OS 7.64985 0.348825
OS 7.6501 0.347975
OS 7.65035 0.347125
OS 7.6505 0.346175
OS 7.6506 0.345175
OS 7.65065 0.344125
OS 7.65065 0.344075
OS 7.65065 0.343925
OS 7.65065 0.343675
OS 7.6506 0.343325
OS 7.65055 0.342925
OS 7.6505 0.342425
OS 7.6504 0.341875
OS 7.6503 0.341275
OS 7.65 0.339975
OS 7.6495 0.338575
OS 7.6492 0.337825
OS 7.6488 0.337125
OS 7.6484 0.336375
OS 7.6479 0.335675
OS 7.64785 0.335625
OS 7.64775 0.335475
OS 7.6475 0.335225
OS 7.6472 0.334875
OS 7.64685 0.334475
OS 7.64635 0.334075
OS 7.6458 0.333625
OS 7.6452 0.333125
OS 7.6445 0.332675
OS 7.6437 0.332175
OS 7.64285 0.331775
OS 7.64195 0.331375
OS 7.64095 0.331025
OS 7.63985 0.330775
OS 7.6387 0.330625
OS 7.6375 0.330575
OS 7.637 0.330575
OS 7.6366 0.330625
OS 7.63615 0.330675
OS 7.63565 0.330725
OS 7.63505 0.330825
OS 7.63445 0.330925
OS 7.63305 0.331275
OS 7.63235 0.331525
OS 7.6316 0.331775
OS 7.6309 0.332125
OS 7.6302 0.332475
OS 7.6295 0.332925
OS 7.62885 0.333425
OS 7.6288 0.333475
OS 7.6287 0.333575
OS 7.62855 0.333725
OS 7.6283 0.333925
OS 7.62805 0.334225
OS 7.62775 0.334575
OS 7.62745 0.334975
OS 7.6271 0.335475
OS 7.62675 0.335975
OS 7.6264 0.336525
OS 7.62605 0.337175
OS 7.62575 0.337875
OS 7.62545 0.338575
OS 7.6252 0.339375
OS 7.625 0.340175
OS 7.62485 0.341075
OS 7.6322 0.341875
OS 7.6322 0.341825
OS 7.6322 0.341775
OS 7.63225 0.341475
OS 7.6324 0.341025
OS 7.63255 0.340425
OS 7.63275 0.339825
OS 7.6331 0.339175
OS 7.6335 0.338525
OS 7.634 0.337925
OS 7.63405 0.337875
OS 7.6343 0.337725
OS 7.6346 0.337475
OS 7.63505 0.337225
OS 7.63555 0.336925
OS 7.63615 0.336725
OS 7.6368 0.336525
OS 7.63755 0.336475
OS 7.63765 0.336475
OS 7.63795 0.336525
OS 7.63835 0.336575
OS 7.6389 0.336725
OS 7.6395 0.336925
OS 7.64015 0.337275
OS 7.6408 0.337725
OS 7.64145 0.338325
OS 7.6415 0.338425
OS 7.6417 0.338675
OS 7.64195 0.339125
OS 7.64225 0.339775
OS 7.64255 0.340575
OS 7.6428 0.341525
OS 7.643 0.342675
OS 7.64305 0.344025
OS 7.64305 0.344075
OS 7.64305 0.344175
OS 7.64305 0.344375
OS 7.64305 0.344625
OS 7.643 0.344925
OS 7.64295 0.345225
OS 7.64285 0.346025
OS 7.64265 0.346875
OS 7.6424 0.347775
OS 7.642 0.348625
OS 7.64145 0.349375
OS 7.6414 0.349475
OS 7.64115 0.349675
OS 7.6408 0.349925
OS 7.64035 0.350275
OS 7.63975 0.350625
OS 7.63905 0.350875
OS 7.63825 0.351075
OS 7.63735 0.351175
OS 7.63705 0.351175
OS 7.6368 0.351125
OS 7.63655 0.351075
OS 7.6362 0.351025
OS 7.63545 0.350825
OS 7.6346 0.350475
OS 7.63365 0.349975
OS 7.63315 0.349675
OS 7.63265 0.349325
OS 7.6322 0.348875
OS 7.6317 0.348375
OS 7.62575 0.349225
OS 7.62955 0.369225
OS 7.64895 0.369225
OS 7.64895 0.362325
OE
OB 7.6015 0.337775 I
OS 7.6208 0.337775
OS 7.6208 0.331275
OS 7.59375 0.331275
OS 7.59375 0.369425
OS 7.6015 0.369425
OS 7.6015 0.337775
OE
SE
P 0.18125 1.7 5 P 0 0 ;0=2,1=1
P 0.18125 1.7875 5 P 0 0 ;0=2,1=1
P 0.2125 1.7 5 P 0 0 ;0=2,1=1
P 0.2125 1.7875 5 P 0 0 ;0=2,1=1
P 0.24375 1.7 5 P 0 0 ;0=2,1=1
P 0.24375 1.7875 5 P 0 0 ;0=2,1=1
P 0.275 1.7 5 P 0 0 ;0=2,1=1
P 0.275 1.7875 5 P 0 0 ;0=2,1=1
P 0.30625 1.7 5 P 0 0 ;0=2,1=1
P 0.30625 1.7875 5 P 0 0 ;0=2,1=1
P 0.3375 1.7 5 P 0 0 ;0=2,1=1
P 1.4375 2.1125 5 P 0 0 ;0=2,1=1
P 1.73125 2.29375 5 P 0 0 ;0=2,1=1
P 1.84375 2.3 5 P 0 0 ;0=2,1=1
P 1.8552082 1.0719285 5 P 0 0 ;0=2,1=1
P 1.86875 1.1625 5 P 0 0 ;0=2,1=1
P 1.9 1.1625 5 P 0 0 ;0=2,1=1
P 1.91875 1.85625 5 P 0 0 ;0=2,1=1
P 2.01875 1.6770268 5 P 0 0 ;0=2,1=1
P 2.01875 1.79375 5 P 0 0 ;0=2,1=1
P 2.04375 1.81875 5 P 0 0 ;0=2,1=1
P 2.04375 1.9625 5 P 0 0 ;0=2,1=1
P 2.0445374 2.0132874 5 P 0 0 ;0=2,1=1
P 2.06875 1.79375 5 P 0 0 ;0=2,1=1
P 2.11875 1.85 5 P 0 0 ;0=2,1=1
P 2.325 4.45625 5 P 0 0 ;0=2,1=1
P 2.40625 1.8875 5 P 0 0 ;0=2,1=1
P 2.51875 4.2453207 5 P 0 0 ;0=2,1=1
P 2.55 4.31875 5 P 0 0 ;0=2,1=1
P 2.63125 1.93125 5 P 0 0 ;0=2,1=1
P 2.63125 2.2125 5 P 0 0 ;0=2,1=1
P 2.7241142 4.38125 5 P 0 0 ;0=2,1=1
P 2.7678642 4.25625 5 P 0 0 ;0=2,1=1
P 2.7871063 4.28125 5 P 0 0 ;0=2,1=1
P 2.81875 4.25625 5 P 0 0 ;0=2,1=1
P 2.81875 4.3156732 5 P 0 0 ;0=2,1=1
P 2.84375 1.39375 5 P 0 0 ;0=2,1=1
P 2.871752 4.28125 5 P 0 0 ;0=2,1=1
P 2.875 1.275 5 P 0 0 ;0=2,1=1
P 2.875 1.54375 5 P 0 0 ;0=2,1=1
P 2.8875 1.49375 5 P 0 0 ;0=2,1=1
P 2.90625 4.275 5 P 0 0 ;0=2,1=1
P 2.9125 3.34375 5 P 0 0 ;0=2,1=1
P 2.94375 4.20625 5 P 0 0 ;0=2,1=1
P 2.975 4.16875 5 P 0 0 ;0=2,1=1
P 2.975 4.5 5 P 0 0 ;0=2,1=1
P 2.9760827 4.38125 5 P 0 0 ;0=2,1=1
P 2.99375 1.58125 5 P 0 0 ;0=2,1=1
P 3.01875 4.1781732 5 P 0 0 ;0=2,1=1
P 3.03125 2.45625 5 P 0 0 ;0=2,1=1
P 3.0375 0.9437501 5 P 0 0 ;0=2,1=1
P 3.0390748 4.3156732 5 P 0 0 ;0=2,1=1
P 3.08125 0.9437501 5 P 0 0 ;0=2,1=1
P 3.0875 4.3 5 P 0 0 ;0=2,1=1
P 3.1 4.1875 5 P 0 0 ;0=2,1=1
P 3.125 0.9437501 5 P 0 0 ;0=2,1=1
P 3.125 4.1656732 5 P 0 0 ;0=2,1=1
P 3.15625 4.14375 5 P 0 0 ;0=2,1=1
P 3.16875 0.9437501 5 P 0 0 ;0=2,1=1
P 3.18125 4.0719232 5 P 0 0 ;0=2,1=1
P 3.19375 3.84375 5 P 0 0 ;0=2,1=1
P 3.2 4.0375 5 P 0 0 ;0=2,1=1
P 3.23125 4.0031732 5 P 0 0 ;0=2,1=1
P 3.28125 4.0969232 5 P 0 0 ;0=2,1=1
P 3.29375 3.9906732 5 P 0 0 ;0=2,1=1
P 3.3125 2.29375 5 P 0 0 ;0=2,1=1
P 3.3225394 4.3156732 5 P 0 0 ;0=2,1=1
P 3.375 4.3 5 P 0 0 ;0=2,1=1
P 3.3875 4.0969232 5 P 0 0 ;0=2,1=1
P 3.4125 3.9656732 5 P 0 0 ;0=2,1=1
P 3.425 2.3 5 P 0 0 ;0=2,1=1
P 3.4386811 4.2625 5 P 0 0 ;0=2,1=1
P 3.46875 4.25 5 P 0 0 ;0=2,1=1
P 3.5213582 4.2125 5 P 0 0 ;0=2,1=1
P 3.54375 4.13125 5 P 0 0 ;0=2,1=1
P 3.575 1.8125 5 P 0 0 ;0=2,1=1
P 3.6 1.79375 5 P 0 0 ;0=2,1=1
P 3.625 1.81875 5 P 0 0 ;0=2,1=1
P 3.65 1.79375 5 P 0 0 ;0=2,1=1
P 3.6692913 4.5648622 5 P 0 0 ;0=2,1=1
P 3.6990261 1.8076063 5 P 0 0 ;0=2,1=1
P 3.7002952 4.5273622 5 P 0 0 ;0=2,1=1
P 3.73125 1.9625 5 P 0 0 ;0=2,1=1
P 3.7315452 4.5148622 5 P 0 0 ;0=2,1=1
P 3.7319882 4.3680118 5 P 0 0 ;0=2,1=1
P 3.80625 1.6280768 5 P 0 0 ;0=2,1=1
P 4.00625 3.95 5 P 0 0 ;0=2,1=1
P 4.05 3.9719233 5 P 0 0 ;0=2,1=1
P 4.1417322 4.4898622 5 P 0 0 ;0=2,1=1
P 4.1732283 4.4898622 5 P 0 0 ;0=2,1=1
P 4.25 1.88125 5 P 0 0 ;0=2,1=1
P 4.25 2.4306896 5 P 0 0 ;0=2,1=1
P 4.3937007 4.4898622 5 P 0 0 ;0=2,1=1
P 4.3937007 4.5646105 5 P 0 0 ;0=2,1=1
P 4.4124636 2.0405768 5 P 0 0 ;0=2,1=1
P 4.4251967 4.4898622 5 P 0 0 ;0=2,1=1
P 4.4251967 4.5646105 5 P 0 0 ;0=2,1=1
P 4.575 2.375 5 P 0 0 ;0=2,1=1
P 4.60625 2.44375 5 P 0 0 ;0=2,1=1
P 4.66875 4.10625 5 P 0 0 ;0=2,1=1
P 4.7125 4.41875 5 P 0 0 ;0=2,1=1
P 4.75 4.53125 5 P 0 0 ;0=2,1=1
P 4.76875 2.0405768 5 P 0 0 ;0=2,1=1
P 4.76875 2.075 5 P 0 0 ;0=2,1=1
P 5.04375 4.3843268 5 P 0 0 ;0=2,1=1
P 5.06875 1.10625 5 P 0 0 ;0=2,1=1
P 5.13125 4.30625 5 P 0 0 ;0=2,1=1
P 5.23125 1.925 5 P 0 0 ;0=2,1=1
P 5.28125 1.925 5 P 0 0 ;0=2,1=1
P 5.2905768 1.15 5 P 0 0 ;0=2,1=1
P 5.30625 1.90625 5 P 0 0 ;0=2,1=1
P 5.4512796 2.4642717 6 P 0 0 ;0=3,1=1
P 5.4512796 2.5272638 6 P 0 0 ;0=3,1=1
P 5.4512796 2.5587598 6 P 0 0 ;0=3,1=1
P 5.4512796 2.5902559 6 P 0 0 ;0=3,1=1
P 5.4827757 2.4642717 6 P 0 0 ;0=3,1=1
P 5.4827757 2.5272638 6 P 0 0 ;0=3,1=1
P 5.4827757 2.5587598 6 P 0 0 ;0=3,1=1
P 5.4827757 2.7162401 6 P 0 0 ;0=3,1=1
P 5.4827757 2.7477362 6 P 0 0 ;0=3,1=1
P 5.5375 1.39375 5 P 0 0 ;0=2,1=1
P 5.5530768 4.10625 5 P 0 0 ;0=2,1=1
P 5.55625 4.075 5 P 0 0 ;0=2,1=1
P 5.59375 1.49375 5 P 0 0 ;0=2,1=1
P 5.6194807 1.3867693 5 P 0 0 ;0=2,1=1
P 5.625 1.4375 5 P 0 0 ;0=2,1=1
P 5.65 3.79375 5 P 0 0 ;0=2,1=1
P 5.6625 1.39375 5 P 0 0 ;0=2,1=1
P 5.6625 1.44375 5 P 0 0 ;0=2,1=1
P 5.6625 3.3906732 5 P 0 0 ;0=2,1=1
P 5.671752 2.4327756 6 P 0 0 ;0=3,1=1
P 5.7125 1.35 5 P 0 0 ;0=2,1=1
P 5.7125 3.3281732 5 P 0 0 ;0=2,1=1
P 5.7662402 2.4327756 6 P 0 0 ;0=3,1=1
P 5.78125 1.525 5 P 0 0 ;0=2,1=1
P 5.7977362 2.4327756 6 P 0 0 ;0=3,1=1
P 5.825 1.575 5 P 0 0 ;0=2,1=1
P 5.85625 1.61875 5 P 0 0 ;0=2,1=1
P 5.8607283 2.8422243 6 P 0 0 ;0=3,1=1
P 5.8875 1.61875 5 P 0 0 ;0=2,1=1
P 5.8922244 2.5587598 6 P 0 0 ;0=3,1=1
P 5.8922244 2.5902559 6 P 0 0 ;0=3,1=1
P 5.8922244 2.7792322 6 P 0 0 ;0=3,1=1
P 5.91875 1.61875 5 P 0 0 ;0=2,1=1
P 5.9237205 2.4012795 6 P 0 0 ;0=3,1=1
P 5.9237205 2.4327756 6 P 0 0 ;0=3,1=1
P 5.9237205 2.4642717 6 P 0 0 ;0=3,1=1
P 5.9237205 2.7477362 6 P 0 0 ;0=3,1=1
P 5.95 1.61875 5 P 0 0 ;0=2,1=1
P 5.9875 1.2811706 5 P 0 0 ;0=2,1=1
P 5.9875 1.61875 5 P 0 0 ;0=2,1=1
P 6.1 1.56875 5 P 0 0 ;0=2,1=1
P 6.1125 1.5375 5 P 0 0 ;0=2,1=1
P 6.14375 1.35 5 P 0 0 ;0=2,1=1
P 6.15 1.9375 5 P 0 0 ;0=2,1=1
P 6.1732284 4.4075331 5 P 0 0 ;0=2,1=1
P 6.18125 1.95 5 P 0 0 ;0=2,1=1
P 6.2 1.7375 5 P 0 0 ;0=2,1=1
P 6.20625 1.96875 5 P 0 0 ;0=2,1=1
P 6.29375 1.51875 5 P 0 0 ;0=2,1=1
P 6.375 1.75625 5 P 0 0 ;0=2,1=1
P 6.39375 2.3375 5 P 0 0 ;0=2,1=1
P 6.44 3.92 5 P 0 0 ;0=2,1=1
P 6.44 4.04 5 P 0 0 ;0=2,1=1
P 6.46875 1.46875 5 P 0 0 ;0=2,1=1
P 6.47 3.98 5 P 0 0 ;0=2,1=1
P 6.4875 2.85625 5 P 0 0 ;0=2,1=1
P 6.4875 3.175 5 P 0 0 ;0=2,1=1
P 6.5 3.92 5 P 0 0 ;0=2,1=1
P 6.5 4.04 5 P 0 0 ;0=2,1=1
P 6.5125 2.2875 5 P 0 0 ;0=2,1=1
P 6.53 3.98 5 P 0 0 ;0=2,1=1
P 6.56 3.92 5 P 0 0 ;0=2,1=1
P 6.56 4.04 5 P 0 0 ;0=2,1=1
P 6.5625 2.35 5 P 0 0 ;0=2,1=1
P 6.5875 3.08125 5 P 0 0 ;0=2,1=1
P 6.59 3.98 5 P 0 0 ;0=2,1=1
P 6.59375 1.4375 5 P 0 0 ;0=2,1=1
P 6.62 3.92 5 P 0 0 ;0=2,1=1
P 6.62 4.04 5 P 0 0 ;0=2,1=1
P 6.625 1.5625 5 P 0 0 ;0=2,1=1
P 6.65 3.2 5 P 0 0 ;0=2,1=1
P 6.65 3.98 5 P 0 0 ;0=2,1=1
P 6.66875 2.8375 5 P 0 0 ;0=2,1=1
P 6.68 3.92 5 P 0 0 ;0=2,1=1
P 6.68 4.04 5 P 0 0 ;0=2,1=1
P 6.71 3.98 5 P 0 0 ;0=2,1=1
P 6.71 4.1 5 P 0 0 ;0=2,1=1
P 6.71 4.22 5 P 0 0 ;0=2,1=1
P 6.7125 2.83125 5 P 0 0 ;0=2,1=1
P 6.7125 3.25625 5 P 0 0 ;0=2,1=1
P 6.71875 1.9475005 5 P 0 0 ;0=2,1=1
P 6.74 4.04 5 P 0 0 ;0=2,1=1
P 6.74 4.16 5 P 0 0 ;0=2,1=1
P 6.74 4.46 5 P 0 0 ;0=2,1=1
P 6.74 4.58 5 P 0 0 ;0=2,1=1
P 6.75 1.69375 5 P 0 0 ;0=2,1=1
P 6.76875 3.2 5 P 0 0 ;0=2,1=1
P 6.77 4.1 5 P 0 0 ;0=2,1=1
P 6.77 4.22 5 P 0 0 ;0=2,1=1
P 6.77 4.64 5 P 0 0 ;0=2,1=1
P 6.8 4.58 5 P 0 0 ;0=2,1=1
P 6.8125 4.0375 5 P 0 0 ;0=2,1=1
P 6.8283161 2.6658161 5 P 0 0 ;0=2,1=1
P 6.83 4.1 5 P 0 0 ;0=2,1=1
P 6.83 4.22 5 P 0 0 ;0=2,1=1
P 6.83 4.64 5 P 0 0 ;0=2,1=1
P 6.83125 3.15625 5 P 0 0 ;0=2,1=1
P 6.85625 1.1125 5 P 0 0 ;0=2,1=1
P 6.86 4.16 5 P 0 0 ;0=2,1=1
P 6.86 4.34 5 P 0 0 ;0=2,1=1
P 6.88125 2.60625 5 P 0 0 ;0=2,1=1
P 6.88125 3.14375 5 P 0 0 ;0=2,1=1
P 6.89 3.98 5 P 0 0 ;0=2,1=1
P 6.89 4.22 5 P 0 0 ;0=2,1=1
P 6.89 4.4 5 P 0 0 ;0=2,1=1
P 6.89 4.64 5 P 0 0 ;0=2,1=1
P 6.92 4.04 5 P 0 0 ;0=2,1=1
P 6.92 4.46 5 P 0 0 ;0=2,1=1
P 6.92 4.58 5 P 0 0 ;0=2,1=1
P 6.94375 3.08125 5 P 0 0 ;0=2,1=1
P 6.95 3.98 5 P 0 0 ;0=2,1=1
P 6.95 4.22 5 P 0 0 ;0=2,1=1
P 6.95 4.52 5 P 0 0 ;0=2,1=1
P 6.95 4.64 5 P 0 0 ;0=2,1=1
P 6.9625 2.35 5 P 0 0 ;0=2,1=1
P 6.98 4.04 5 P 0 0 ;0=2,1=1
P 6.98 4.46 5 P 0 0 ;0=2,1=1
P 6.98 4.58 5 P 0 0 ;0=2,1=1
P 6.98125 2.8625 5 P 0 0 ;0=2,1=1
P 7.01 4.1 5 P 0 0 ;0=2,1=1
P 7.01 4.52 5 P 0 0 ;0=2,1=1
P 7.01 4.64 5 P 0 0 ;0=2,1=1
P 7.04 4.16 5 P 0 0 ;0=2,1=1
P 7.04 4.46 5 P 0 0 ;0=2,1=1
P 7.04 4.58 5 P 0 0 ;0=2,1=1
P 7.0625 4.0375 5 P 0 0 ;0=2,1=1
P 7.07 4.1 5 P 0 0 ;0=2,1=1
P 7.07 4.52 5 P 0 0 ;0=2,1=1
P 7.07 4.64 5 P 0 0 ;0=2,1=1
P 7.1 4.16 5 P 0 0 ;0=2,1=1
P 7.1 4.46 5 P 0 0 ;0=2,1=1
P 7.1 4.58 5 P 0 0 ;0=2,1=1
P 7.11875 2.2375 5 P 0 0 ;0=2,1=1
P 7.13 4.52 5 P 0 0 ;0=2,1=1
P 7.13 4.64 5 P 0 0 ;0=2,1=1
P 7.16 3.92 5 P 0 0 ;0=2,1=1
P 7.16 4.04 5 P 0 0 ;0=2,1=1
P 7.16 4.46 5 P 0 0 ;0=2,1=1
P 7.16 4.58 5 P 0 0 ;0=2,1=1
P 7.19 3.98 5 P 0 0 ;0=2,1=1
P 7.19 4.52 5 P 0 0 ;0=2,1=1
P 7.19 4.64 5 P 0 0 ;0=2,1=1
P 7.22 3.92 5 P 0 0 ;0=2,1=1
P 7.22 4.04 5 P 0 0 ;0=2,1=1
P 7.22 4.46 5 P 0 0 ;0=2,1=1
P 7.22 4.58 5 P 0 0 ;0=2,1=1
P 7.25 3.98 5 P 0 0 ;0=2,1=1
P 7.25 4.22 5 P 0 0 ;0=2,1=1
P 7.25 4.4 5 P 0 0 ;0=2,1=1
P 7.25 4.52 5 P 0 0 ;0=2,1=1
P 7.25 4.64 5 P 0 0 ;0=2,1=1
P 7.28 4.34 5 P 0 0 ;0=2,1=1
P 7.28 4.58 5 P 0 0 ;0=2,1=1
P 7.31 4.1 5 P 0 0 ;0=2,1=1
P 7.31 4.22 5 P 0 0 ;0=2,1=1
P 7.31 4.4 5 P 0 0 ;0=2,1=1
P 7.31 4.64 5 P 0 0 ;0=2,1=1
P 7.34 4.34 5 P 0 0 ;0=2,1=1
P 7.35 4.0375 5 P 0 0 ;0=2,1=1
P 7.37 4.1 5 P 0 0 ;0=2,1=1
P 7.37 4.22 5 P 0 0 ;0=2,1=1
P 7.37 4.64 5 P 0 0 ;0=2,1=1
P 7.4 4.04 5 P 0 0 ;0=2,1=1
P 7.4 4.16 5 P 0 0 ;0=2,1=1
P 7.4 4.58 5 P 0 0 ;0=2,1=1
P 7.43 3.98 5 P 0 0 ;0=2,1=1
P 7.43 4.1 5 P 0 0 ;0=2,1=1
P 7.43 4.52 5 P 0 0 ;0=2,1=1
P 7.46 4.04 5 P 0 0 ;0=2,1=1
P 7.46 4.46 5 P 0 0 ;0=2,1=1
P 7.46 4.58 5 P 0 0 ;0=2,1=1
P 7.49 3.98 5 P 0 0 ;0=2,1=1
P 7.49 4.22 5 P 0 0 ;0=2,1=1
P 7.49 4.4 5 P 0 0 ;0=2,1=1
P 7.49 4.52 5 P 0 0 ;0=2,1=1
P 7.52 4.16 5 P 0 0 ;0=2,1=1
P 7.55 4.1 5 P 0 0 ;0=2,1=1
P 7.55 4.22 5 P 0 0 ;0=2,1=1
P 7.58 4.16 5 P 0 0 ;0=2,1=1
P 7.6 4.0375 5 P 0 0 ;0=2,1=1
P 7.64 4.04 5 P 0 0 ;0=2,1=1
P 7.7 3.92 5 P 0 0 ;0=2,1=1
P 7.7 4.04 5 P 0 0 ;0=2,1=1
P 7.73 3.98 5 P 0 0 ;0=2,1=1
