#Layer_Color=9474304
#
#Feature symbol names
#
$0 r5

#
#Feature attribute names
#

#
#Layer features
#
L 0.1768502 0.5805512 0.1768502 0.6005512 0 P 0
L 0.1768502 0.5805512 0.1868502 0.5805512 0 P 0
L 0.1768502 0.6005512 0.1868502 0.6005512 0 P 0
L 0.1768502 4.5175591 0.1768502 4.5375591 0 P 0
L 0.1768502 4.5175591 0.1868502 4.5175591 0 P 0
L 0.1768502 4.5375591 0.1868502 4.5375591 0 P 0
L 0.1868502 0.5705512 0.1868502 0.5805512 0 P 0
L 0.1868502 0.5705512 0.2068502 0.5705512 0 P 0
L 0.1868502 0.6005512 0.1868502 0.6105512 0 P 0
L 0.1868502 0.6105512 0.2068502 0.6105512 0 P 0
L 0.1868502 4.5075591 0.1868502 4.5175591 0 P 0
L 0.1868502 4.5075591 0.2068502 4.5075591 0 P 0
L 0.1868502 4.5375591 0.1868502 4.5475591 0 P 0
L 0.1868502 4.5475591 0.2068502 4.5475591 0 P 0
L 0.2068502 0.5705512 0.2068502 0.5805512 0 P 0
L 0.2068502 0.5805512 0.2168502 0.5805512 0 P 0
L 0.2068502 0.6005512 0.2068502 0.6105512 0 P 0
L 0.2068502 0.6005512 0.2168502 0.6005512 0 P 0
L 0.2068502 4.5075591 0.2068502 4.5175591 0 P 0
L 0.2068502 4.5175591 0.2168502 4.5175591 0 P 0
L 0.2068502 4.5375591 0.2068502 4.5475591 0 P 0
L 0.2068502 4.5375591 0.2168502 4.5375591 0 P 0
L 0.2168502 0.5805512 0.2168502 0.6005512 0 P 0
L 0.2168502 4.5175591 0.2168502 4.5375591 0 P 0
L 0.32375 2.6175 0.32375 2.6575 0 P 0
L 0.32375 2.6175 0.36375 2.6175 0 P 0
L 0.32375 2.6575 0.36375 2.6575 0 P 0
L 0.36375 2.6175 0.36375 2.6575 0 P 0
L 0.38625 2.37375 0.38625 2.41375 0 P 0
L 0.38625 2.37375 0.42625 2.37375 0 P 0
L 0.38625 2.41375 0.42625 2.41375 0 P 0
L 0.38625 2.6175 0.38625 2.6575 0 P 0
L 0.38625 2.6175 0.42625 2.6175 0 P 0
L 0.38625 2.6575 0.42625 2.6575 0 P 0
L 0.3973227 4.448504 0.3973227 4.458504 0 P 0
L 0.3973227 4.448504 0.4073227 4.448504 0 P 0
L 0.3973227 4.458504 0.4073227 4.468504 0 P 0
L 0.3973227 4.478504 0.3973227 4.488504 0 P 0
L 0.3973227 4.478504 0.4073227 4.468504 0 P 0
L 0.3973227 4.488504 0.4073227 4.488504 0 P 0
L 0.4073227 4.448504 0.4173227 4.458504 0 P 0
L 0.4073227 4.488504 0.4173227 4.478504 0 P 0
L 0.41125 2.33 0.41125 2.37 0 P 0
L 0.41125 2.33 0.45125 2.33 0 P 0
L 0.41125 2.37 0.45125 2.37 0 P 0
L 0.41125 2.4175 0.41125 2.4575 0 P 0
L 0.41125 2.4175 0.45125 2.4175 0 P 0
L 0.41125 2.4575 0.45125 2.4575 0 P 0
L 0.41125 2.53 0.41125 2.57 0 P 0
L 0.41125 2.53 0.45125 2.53 0 P 0
L 0.41125 2.57 0.45125 2.57 0 P 0
L 0.4173227 4.458504 0.4273227 4.448504 0 P 0
L 0.4173227 4.478504 0.4273227 4.488504 0 P 0
L 0.42625 2.37375 0.42625 2.41375 0 P 0
L 0.42625 2.6175 0.42625 2.6575 0 P 0
L 0.4273227 4.448504 0.4373227 4.448504 0 P 0
L 0.4273227 4.468504 0.4373227 4.458504 0 P 0
L 0.4273227 4.468504 0.4373227 4.478504 0 P 0
L 0.4273227 4.488504 0.4373227 4.488504 0 P 0
L 0.43625 4.29875 0.43625 4.33875 0 P 0
L 0.43625 4.29875 0.47625 4.29875 0 P 0
L 0.43625 4.33875 0.47625 4.33875 0 P 0
L 0.4373227 4.448504 0.4373227 4.458504 0 P 0
L 0.4373227 4.478504 0.4373227 4.488504 0 P 0
L 0.4425 4.48625 0.4425 4.52625 0 P 0
L 0.4425 4.48625 0.4825 4.48625 0 P 0
L 0.4425 4.52625 0.4825 4.52625 0 P 0
L 0.44875 2.43625 0.44875 2.47625 0 P 0
L 0.44875 2.43625 0.48875 2.43625 0 P 0
L 0.44875 2.47625 0.48875 2.47625 0 P 0
L 0.44875 2.6175 0.44875 2.6575 0 P 0
L 0.44875 2.6175 0.48875 2.6175 0 P 0
L 0.44875 2.6575 0.48875 2.6575 0 P 0
L 0.44875 4.33 0.44875 4.37 0 P 0
L 0.44875 4.33 0.48875 4.33 0 P 0
L 0.44875 4.37 0.48875 4.37 0 P 0
L 0.45125 2.33 0.45125 2.37 0 P 0
L 0.45125 2.4175 0.45125 2.4575 0 P 0
L 0.45125 2.53 0.45125 2.57 0 P 0
L 0.455 1.655 0.455 1.695 0 P 0
L 0.455 1.655 0.495 1.655 0 P 0
L 0.455 1.695 0.495 1.695 0 P 0
L 0.4681888 4.555 0.4681888 4.595 0 P 0
L 0.4681888 4.555 0.5081888 4.555 0 P 0
L 0.4681888 4.595 0.5081888 4.595 0 P 0
L 0.47625 4.29875 0.47625 4.33875 0 P 0
L 0.4825 4.48625 0.4825 4.52625 0 P 0
L 0.48875 2.43625 0.48875 2.47625 0 P 0
L 0.48875 2.6175 0.48875 2.6575 0 P 0
L 0.48875 4.33 0.48875 4.37 0 P 0
L 0.495 1.655 0.495 1.695 0 P 0
L 0.49875 1.73 0.49875 1.77 0 P 0
L 0.49875 1.73 0.53875 1.73 0 P 0
L 0.49875 1.77 0.53875 1.77 0 P 0
L 0.505 2.0675 0.505 2.1075 0 P 0
L 0.505 2.0675 0.545 2.0675 0 P 0
L 0.505 2.1075 0.545 2.1075 0 P 0
L 0.5081888 4.555 0.5081888 4.595 0 P 0
L 0.51125 1.955 0.51125 1.995 0 P 0
L 0.51125 1.955 0.55125 1.955 0 P 0
L 0.51125 1.995 0.55125 1.995 0 P 0
L 0.51125 2.6175 0.51125 2.6575 0 P 0
L 0.51125 2.6175 0.55125 2.6175 0 P 0
L 0.51125 2.6575 0.55125 2.6575 0 P 0
L 0.52375 2.16125 0.52375 2.20125 0 P 0
L 0.52375 2.16125 0.56375 2.16125 0 P 0
L 0.52375 2.20125 0.56375 2.20125 0 P 0
L 0.531181 4.555 0.531181 4.595 0 P 0
L 0.531181 4.555 0.571181 4.555 0 P 0
L 0.531181 4.595 0.571181 4.595 0 P 0
L 0.5311811 4.37375 0.5311811 4.41375 0 P 0
L 0.5311811 4.37375 0.5711811 4.37375 0 P 0
L 0.5311811 4.41375 0.5711811 4.41375 0 P 0
L 0.53625 4.3175 0.53625 4.3575 0 P 0
L 0.53625 4.3175 0.57625 4.3175 0 P 0
L 0.53625 4.3575 0.57625 4.3575 0 P 0
L 0.53875 1.73 0.53875 1.77 0 P 0
L 0.5425 1.655 0.5425 1.695 0 P 0
L 0.5425 1.655 0.5825 1.655 0 P 0
L 0.5425 1.695 0.5825 1.695 0 P 0
L 0.5425 1.98 0.5425 2.02 0 P 0
L 0.5425 1.98 0.5825 1.98 0 P 0
L 0.5425 2.02 0.5825 2.02 0 P 0
L 0.5425 2.06125 0.5425 2.10125 0 P 0
L 0.5425 2.06125 0.5825 2.06125 0 P 0
L 0.5425 2.10125 0.5825 2.10125 0 P 0
L 0.545 2.0675 0.545 2.1075 0 P 0
L 0.54875 4.28625 0.54875 4.32625 0 P 0
L 0.54875 4.28625 0.58875 4.28625 0 P 0
L 0.54875 4.32625 0.58875 4.32625 0 P 0
L 0.55125 1.955 0.55125 1.995 0 P 0
L 0.55125 2.6175 0.55125 2.6575 0 P 0
L 0.555 2.2175 0.555 2.2575 0 P 0
L 0.555 2.2175 0.595 2.2175 0 P 0
L 0.555 2.2575 0.595 2.2575 0 P 0
L 0.555 2.3425 0.555 2.3825 0 P 0
L 0.555 2.3425 0.595 2.3425 0 P 0
L 0.555 2.3825 0.595 2.3825 0 P 0
L 0.555 2.5675 0.555 2.6075 0 P 0
L 0.555 2.5675 0.595 2.5675 0 P 0
L 0.555 2.6075 0.595 2.6075 0 P 0
L 0.562677 4.555 0.562677 4.595 0 P 0
L 0.562677 4.555 0.602677 4.555 0 P 0
L 0.562677 4.595 0.602677 4.595 0 P 0
L 0.56375 2.16125 0.56375 2.20125 0 P 0
L 0.571181 4.555 0.571181 4.595 0 P 0
L 0.5711811 4.37375 0.5711811 4.41375 0 P 0
L 0.57375 2.6175 0.57375 2.6575 0 P 0
L 0.57375 2.6175 0.61375 2.6175 0 P 0
L 0.57375 2.6575 0.61375 2.6575 0 P 0
L 0.57625 4.3175 0.57625 4.3575 0 P 0
L 0.5825 1.655 0.5825 1.695 0 P 0
L 0.5825 1.98 0.5825 2.02 0 P 0
L 0.5825 2.06125 0.5825 2.10125 0 P 0
L 0.58625 2.06125 0.58625 2.10125 0 P 0
L 0.58625 2.06125 0.62625 2.06125 0 P 0
L 0.58625 2.10125 0.62625 2.10125 0 P 0
L 0.58875 4.28625 0.58875 4.32625 0 P 0
L 0.595 2.2175 0.595 2.2575 0 P 0
L 0.595 2.3425 0.595 2.3825 0 P 0
L 0.595 2.5675 0.595 2.6075 0 P 0
L 0.602677 4.555 0.602677 4.595 0 P 0
L 0.61375 2.6175 0.61375 2.6575 0 P 0
L 0.6175 2.3425 0.6175 2.3825 0 P 0
L 0.6175 2.3425 0.6575 2.3425 0 P 0
L 0.6175 2.3825 0.6575 2.3825 0 P 0
L 0.6175 2.5675 0.6175 2.6075 0 P 0
L 0.6175 2.5675 0.6575 2.5675 0 P 0
L 0.6175 2.6075 0.6575 2.6075 0 P 0
L 0.62375 2.0175 0.62375 2.0575 0 P 0
L 0.62375 2.0175 0.66375 2.0175 0 P 0
L 0.62375 2.0575 0.66375 2.0575 0 P 0
L 0.6256691 4.555 0.6256691 4.595 0 P 0
L 0.6256691 4.555 0.6656691 4.555 0 P 0
L 0.6256691 4.595 0.6656691 4.595 0 P 0
L 0.62625 2.06125 0.62625 2.10125 0 P 0
L 0.6299213 0.0984252 0.6299213 0.1317478 0 P 0
L 0.6299213 0.1317478 0.6465826 0.148409 0 P 0
L 0.6299213 0.2684252 0.6299213 0.3017478 0 P 0
L 0.6299213 0.3017478 0.6465826 0.318409 0 P 0
L 0.6299213 0.3864173 0.6299213 0.4197399 0 P 0
L 0.6299213 0.4197399 0.6465826 0.4364011 0 P 0
L 0.63625 2.6175 0.63625 2.6575 0 P 0
L 0.63625 2.6175 0.67625 2.6175 0 P 0
L 0.63625 2.6575 0.67625 2.6575 0 P 0
L 0.6425 4.33625 0.6425 4.37625 0 P 0
L 0.6425 4.33625 0.6825 4.33625 0 P 0
L 0.6425 4.37625 0.6825 4.37625 0 P 0
L 0.6465826 0.148409 0.6632439 0.1317478 0 P 0
L 0.6465826 0.318409 0.6632439 0.3017478 0 P 0
L 0.6465826 0.4364011 0.6632439 0.4197399 0 P 0
L 0.655 2.1425 0.655 2.1825 0 P 0
L 0.655 2.1425 0.695 2.1425 0 P 0
L 0.655 2.1825 0.695 2.1825 0 P 0
L 0.655 2.2675 0.655 2.3075 0 P 0
L 0.655 2.2675 0.695 2.2675 0 P 0
L 0.655 2.3075 0.695 2.3075 0 P 0
L 0.6571652 4.555 0.6571652 4.595 0 P 0
L 0.6571652 4.555 0.6971652 4.555 0 P 0
L 0.6571652 4.595 0.6971652 4.595 0 P 0
L 0.6575 2.3425 0.6575 2.3825 0 P 0
L 0.6575 2.5675 0.6575 2.6075 0 P 0
L 0.6632439 0.0984252 0.6632439 0.1234171 0 P 0
L 0.6632439 0.1234171 0.6299213 0.1234171 0 P 0
L 0.6632439 0.1317478 0.6632439 0.0984252 0 P 0
L 0.6632439 0.2684252 0.6632439 0.2934171 0 P 0
L 0.6632439 0.2934171 0.6299213 0.2934171 0 P 0
L 0.6632439 0.3017478 0.6632439 0.2684252 0 P 0
L 0.6632439 0.3864173 0.6632439 0.4114092 0 P 0
L 0.6632439 0.4114092 0.6299213 0.4114092 0 P 0
L 0.6632439 0.4197399 0.6632439 0.3864173 0 P 0
L 0.66375 2.0175 0.66375 2.0575 0 P 0
L 0.6656691 4.555 0.6656691 4.595 0 P 0
L 0.67625 2.6175 0.67625 2.6575 0 P 0
L 0.6825 4.33625 0.6825 4.37625 0 P 0
L 0.695 2.1425 0.695 2.1825 0 P 0
L 0.695 2.2675 0.695 2.3075 0 P 0
L 0.6971652 4.555 0.6971652 4.595 0 P 0
L 0.7175 4.555 0.7175 4.595 0 P 0
L 0.7175 4.555 0.7575 4.555 0 P 0
L 0.7175 4.595 0.7575 4.595 0 P 0
L 0.7575 4.555 0.7575 4.595 0 P 0
L 0.7925 2.6175 0.7925 2.6575 0 P 0
L 0.7925 2.6175 0.8325 2.6175 0 P 0
L 0.7925 2.6575 0.8325 2.6575 0 P 0
L 0.79875 4.32375 0.79875 4.36375 0 P 0
L 0.79875 4.32375 0.83875 4.32375 0 P 0
L 0.79875 4.36375 0.83875 4.36375 0 P 0
L 0.8146455 4.4675 0.8146455 4.5075 0 P 0
L 0.8146455 4.4675 0.8546455 4.4675 0 P 0
L 0.8146455 4.5075 0.8546455 4.5075 0 P 0
L 0.829922 4.3113743 0.829922 4.3513743 0 P 0
L 0.829922 4.3113743 0.869922 4.3113743 0 P 0
L 0.829922 4.3513743 0.869922 4.3513743 0 P 0
L 0.8325 2.6175 0.8325 2.6575 0 P 0
L 0.83875 4.32375 0.83875 4.36375 0 P 0
L 0.8456732 4.28625 0.8456732 4.32625 0 P 0
L 0.8456732 4.28625 0.8856732 4.28625 0 P 0
L 0.8456732 4.32625 0.8856732 4.32625 0 P 0
L 0.8461416 4.4675 0.8461416 4.5075 0 P 0
L 0.8461416 4.4675 0.8861416 4.4675 0 P 0
L 0.8461416 4.5075 0.8861416 4.5075 0 P 0
L 0.8546455 4.4675 0.8546455 4.5075 0 P 0
L 0.855 2.6175 0.855 2.6575 0 P 0
L 0.855 2.6175 0.895 2.6175 0 P 0
L 0.855 2.6575 0.895 2.6575 0 P 0
L 0.869922 4.3113743 0.869922 4.3513743 0 P 0
L 0.8776376 4.37375 0.8776376 4.41375 0 P 0
L 0.8776376 4.37375 0.9176376 4.37375 0 P 0
L 0.8776376 4.41375 0.9176376 4.41375 0 P 0
L 0.8776376 4.555 0.8776376 4.595 0 P 0
L 0.8776376 4.555 0.9176376 4.555 0 P 0
L 0.8776376 4.595 0.9176376 4.595 0 P 0
L 0.8856732 4.28625 0.8856732 4.32625 0 P 0
L 0.8861416 4.4675 0.8861416 4.5075 0 P 0
L 0.895 2.6175 0.895 2.6575 0 P 0
L 0.9091337 4.31125 0.9091337 4.35125 0 P 0
L 0.9091337 4.31125 0.9491337 4.31125 0 P 0
L 0.9091337 4.35125 0.9491337 4.35125 0 P 0
L 0.9091337 4.555 0.9091337 4.595 0 P 0
L 0.9091337 4.555 0.9491337 4.555 0 P 0
L 0.9091337 4.595 0.9491337 4.595 0 P 0
L 0.9176376 4.37375 0.9176376 4.41375 0 P 0
L 0.9176376 4.555 0.9176376 4.595 0 P 0
L 0.9406298 4.37375 0.9406298 4.41375 0 P 0
L 0.9406298 4.37375 0.9806298 4.37375 0 P 0
L 0.9406298 4.41375 0.9806298 4.41375 0 P 0
L 0.9406298 4.555 0.9406298 4.595 0 P 0
L 0.9406298 4.555 0.9806298 4.555 0 P 0
L 0.9406298 4.595 0.9806298 4.595 0 P 0
L 0.9425 4.4675 0.9425 4.5075 0 P 0
L 0.9425 4.4675 0.9825 4.4675 0 P 0
L 0.9425 4.5075 0.9825 4.5075 0 P 0
L 0.9491337 4.31125 0.9491337 4.35125 0 P 0
L 0.9491337 4.555 0.9491337 4.595 0 P 0
L 0.9721258 4.37375 0.9721258 4.41375 0 P 0
L 0.9721258 4.37375 1.0121258 4.37375 0 P 0
L 0.9721258 4.41375 1.0121258 4.41375 0 P 0
L 0.9721258 4.555 0.9721258 4.595 0 P 0
L 0.9721258 4.555 1.0121258 4.555 0 P 0
L 0.9721258 4.595 1.0121258 4.595 0 P 0
L 0.97375 2.6175 0.97375 2.6575 0 P 0
L 0.97375 2.6175 1.01375 2.6175 0 P 0
L 0.97375 2.6575 1.01375 2.6575 0 P 0
L 0.97375 4.28625 0.97375 4.32625 0 P 0
L 0.97375 4.28625 1.01375 4.28625 0 P 0
L 0.97375 4.32625 1.01375 4.32625 0 P 0
L 0.97375 4.47375 0.97375 4.51375 0 P 0
L 0.97375 4.47375 1.01375 4.47375 0 P 0
L 0.97375 4.51375 1.01375 4.51375 0 P 0
L 0.98 4.5175 0.98 4.5575 0 P 0
L 0.98 4.5175 1.02 4.5175 0 P 0
L 0.98 4.5575 1.02 4.5575 0 P 0
L 0.9806298 4.37375 0.9806298 4.41375 0 P 0
L 0.9806298 4.555 0.9806298 4.595 0 P 0
L 0.9825 4.4675 0.9825 4.5075 0 P 0
L 0.98625 4.3175 0.98625 4.3575 0 P 0
L 0.98625 4.3175 1.02625 4.3175 0 P 0
L 0.98625 4.3575 1.02625 4.3575 0 P 0
L 0.9881496 3.2937402 0.9881496 3.3270628 0 P 0
L 0.9881496 3.3270628 1.0048109 3.343724 0 P 0
L 1.0036219 4.555 1.0036219 4.595 0 P 0
L 1.0036219 4.555 1.0436219 4.555 0 P 0
L 1.0036219 4.595 1.0436219 4.595 0 P 0
L 1.0048109 3.343724 1.0214722 3.3270628 0 P 0
L 1.0121258 4.37375 1.0121258 4.41375 0 P 0
L 1.0121258 4.555 1.0121258 4.595 0 P 0
L 1.01375 2.6175 1.01375 2.6575 0 P 0
L 1.01375 4.28625 1.01375 4.32625 0 P 0
L 1.01375 4.47375 1.01375 4.51375 0 P 0
L 1.02 4.5175 1.02 4.5575 0 P 0
L 1.0214722 3.2937402 1.0214722 3.3187321 0 P 0
L 1.0214722 3.3187321 0.9881496 3.3187321 0 P 0
L 1.0214722 3.3270628 1.0214722 3.2937402 0 P 0
L 1.02625 4.3175 1.02625 4.3575 0 P 0
L 1.03625 2.37375 1.03625 2.41375 0 P 0
L 1.03625 2.37375 1.07625 2.37375 0 P 0
L 1.03625 2.41375 1.07625 2.41375 0 P 0
L 1.03625 2.6175 1.03625 2.6575 0 P 0
L 1.03625 2.6175 1.07625 2.6175 0 P 0
L 1.03625 2.6575 1.07625 2.6575 0 P 0
L 1.0436219 4.555 1.0436219 4.595 0 P 0
L 1.06125 2.33 1.06125 2.37 0 P 0
L 1.06125 2.33 1.10125 2.33 0 P 0
L 1.06125 2.37 1.10125 2.37 0 P 0
L 1.06125 2.4175 1.06125 2.4575 0 P 0
L 1.06125 2.4175 1.10125 2.4175 0 P 0
L 1.06125 2.4575 1.10125 2.4575 0 P 0
L 1.06125 2.53 1.06125 2.57 0 P 0
L 1.06125 2.53 1.10125 2.53 0 P 0
L 1.06125 2.57 1.10125 2.57 0 P 0
L 1.07625 2.37375 1.07625 2.41375 0 P 0
L 1.07625 2.6175 1.07625 2.6575 0 P 0
L 1.09875 2.43625 1.09875 2.47625 0 P 0
L 1.09875 2.43625 1.13875 2.43625 0 P 0
L 1.09875 2.47625 1.13875 2.47625 0 P 0
L 1.10125 2.33 1.10125 2.37 0 P 0
L 1.10125 2.4175 1.10125 2.4575 0 P 0
L 1.10125 2.53 1.10125 2.57 0 P 0
L 1.105 1.655 1.105 1.695 0 P 0
L 1.105 1.655 1.145 1.655 0 P 0
L 1.105 1.695 1.145 1.695 0 P 0
L 1.11125 2.58 1.11125 2.62 0 P 0
L 1.11125 2.58 1.15125 2.58 0 P 0
L 1.11125 2.6175 1.11125 2.6575 0 P 0
L 1.11125 2.6175 1.15125 2.6175 0 P 0
L 1.11125 2.62 1.15125 2.62 0 P 0
L 1.11125 2.6575 1.15125 2.6575 0 P 0
L 1.1374801 4.448504 1.1374801 4.458504 0 P 0
L 1.1374801 4.448504 1.1474801 4.448504 0 P 0
L 1.1374801 4.458504 1.1474801 4.468504 0 P 0
L 1.1374801 4.478504 1.1374801 4.488504 0 P 0
L 1.1374801 4.478504 1.1474801 4.468504 0 P 0
L 1.1374801 4.488504 1.1474801 4.488504 0 P 0
L 1.13875 2.43625 1.13875 2.47625 0 P 0
L 1.1417323 0.0984252 1.1417323 0.1317478 0 P 0
L 1.1417323 0.1317478 1.1583936 0.148409 0 P 0
L 1.1417323 0.2684252 1.1417323 0.3017478 0 P 0
L 1.1417323 0.3017478 1.1583936 0.318409 0 P 0
L 1.1417323 0.3864173 1.1417323 0.4197399 0 P 0
L 1.1417323 0.4197399 1.1583936 0.4364011 0 P 0
L 1.145 1.655 1.145 1.695 0 P 0
L 1.1474801 4.448504 1.1574801 4.458504 0 P 0
L 1.1474801 4.488504 1.1574801 4.478504 0 P 0
L 1.14875 1.73 1.14875 1.77 0 P 0
L 1.14875 1.73 1.18875 1.73 0 P 0
L 1.14875 1.77 1.18875 1.77 0 P 0
L 1.14875 2.6175 1.14875 2.6575 0 P 0
L 1.14875 2.6175 1.18875 2.6175 0 P 0
L 1.14875 2.6575 1.18875 2.6575 0 P 0
L 1.15125 2.58 1.15125 2.62 0 P 0
L 1.15125 2.6175 1.15125 2.6575 0 P 0
L 1.155 2.0675 1.155 2.1075 0 P 0
L 1.155 2.0675 1.195 2.0675 0 P 0
L 1.155 2.1075 1.195 2.1075 0 P 0
L 1.1574801 4.458504 1.1674801 4.448504 0 P 0
L 1.1574801 4.478504 1.1674801 4.488504 0 P 0
L 1.1583936 0.148409 1.1750549 0.1317478 0 P 0
L 1.1583936 0.318409 1.1750549 0.3017478 0 P 0
L 1.1583936 0.4364011 1.1750549 0.4197399 0 P 0
L 1.16125 1.955 1.16125 1.995 0 P 0
L 1.16125 1.955 1.20125 1.955 0 P 0
L 1.16125 1.995 1.20125 1.995 0 P 0
L 1.1674801 4.448504 1.1774801 4.448504 0 P 0
L 1.1674801 4.468504 1.1774801 4.458504 0 P 0
L 1.1674801 4.468504 1.1774801 4.478504 0 P 0
L 1.1674801 4.488504 1.1774801 4.488504 0 P 0
L 1.17375 2.16125 1.17375 2.20125 0 P 0
L 1.17375 2.16125 1.21375 2.16125 0 P 0
L 1.17375 2.20125 1.21375 2.20125 0 P 0
L 1.17375 2.58 1.17375 2.62 0 P 0
L 1.17375 2.58 1.21375 2.58 0 P 0
L 1.17375 2.62 1.21375 2.62 0 P 0
L 1.1750549 0.0984252 1.1750549 0.1234171 0 P 0
L 1.1750549 0.1234171 1.1417323 0.1234171 0 P 0
L 1.1750549 0.1317478 1.1750549 0.0984252 0 P 0
L 1.1750549 0.2684252 1.1750549 0.2934171 0 P 0
L 1.1750549 0.2934171 1.1417323 0.2934171 0 P 0
L 1.1750549 0.3017478 1.1750549 0.2684252 0 P 0
L 1.1750549 0.3864173 1.1750549 0.4114092 0 P 0
L 1.1750549 0.4114092 1.1417323 0.4114092 0 P 0
L 1.1750549 0.4197399 1.1750549 0.3864173 0 P 0
L 1.1774801 4.448504 1.1774801 4.458504 0 P 0
L 1.1774801 4.478504 1.1774801 4.488504 0 P 0
L 1.18875 1.73 1.18875 1.77 0 P 0
L 1.18875 2.6175 1.18875 2.6575 0 P 0
L 1.1925 1.655 1.1925 1.695 0 P 0
L 1.1925 1.655 1.2325 1.655 0 P 0
L 1.1925 1.695 1.2325 1.695 0 P 0
L 1.1925 1.98 1.1925 2.02 0 P 0
L 1.1925 1.98 1.2325 1.98 0 P 0
L 1.1925 2.02 1.2325 2.02 0 P 0
L 1.1925 2.06125 1.1925 2.10125 0 P 0
L 1.1925 2.06125 1.2325 2.06125 0 P 0
L 1.1925 2.10125 1.2325 2.10125 0 P 0
L 1.195 2.0675 1.195 2.1075 0 P 0
L 1.20125 1.955 1.20125 1.995 0 P 0
L 1.205 2.2175 1.205 2.2575 0 P 0
L 1.205 2.2175 1.245 2.2175 0 P 0
L 1.205 2.2575 1.245 2.2575 0 P 0
L 1.205 2.3425 1.205 2.3825 0 P 0
L 1.205 2.3425 1.245 2.3425 0 P 0
L 1.205 2.3825 1.245 2.3825 0 P 0
L 1.205 2.5675 1.205 2.6075 0 P 0
L 1.205 2.5675 1.245 2.5675 0 P 0
L 1.205 2.6075 1.245 2.6075 0 P 0
L 1.21375 2.16125 1.21375 2.20125 0 P 0
L 1.21375 2.58 1.21375 2.62 0 P 0
L 1.2325 1.655 1.2325 1.695 0 P 0
L 1.2325 1.98 1.2325 2.02 0 P 0
L 1.2325 2.06125 1.2325 2.10125 0 P 0
L 1.23625 2.06125 1.23625 2.10125 0 P 0
L 1.23625 2.06125 1.27625 2.06125 0 P 0
L 1.23625 2.10125 1.27625 2.10125 0 P 0
L 1.245 2.2175 1.245 2.2575 0 P 0
L 1.245 2.3425 1.245 2.3825 0 P 0
L 1.245 2.5675 1.245 2.6075 0 P 0
L 1.2675 2.3425 1.2675 2.3825 0 P 0
L 1.2675 2.3425 1.3075 2.3425 0 P 0
L 1.2675 2.3825 1.3075 2.3825 0 P 0
L 1.2675 2.5675 1.2675 2.6075 0 P 0
L 1.2675 2.5675 1.3075 2.5675 0 P 0
L 1.2675 2.6075 1.3075 2.6075 0 P 0
L 1.27375 2.0175 1.27375 2.0575 0 P 0
L 1.27375 2.0175 1.31375 2.0175 0 P 0
L 1.27375 2.0575 1.31375 2.0575 0 P 0
L 1.27625 2.06125 1.27625 2.10125 0 P 0
L 1.305 2.1425 1.305 2.1825 0 P 0
L 1.305 2.1425 1.345 2.1425 0 P 0
L 1.305 2.1825 1.345 2.1825 0 P 0
L 1.305 2.2675 1.305 2.3075 0 P 0
L 1.305 2.2675 1.345 2.2675 0 P 0
L 1.305 2.3075 1.345 2.3075 0 P 0
L 1.3075 2.3425 1.3075 2.3825 0 P 0
L 1.3075 2.5675 1.3075 2.6075 0 P 0
L 1.31375 2.0175 1.31375 2.0575 0 P 0
L 1.345 2.1425 1.345 2.1825 0 P 0
L 1.345 2.2675 1.345 2.3075 0 P 0
L 1.6141732 0.0984252 1.6141732 0.1317478 0 P 0
L 1.6141732 0.1317478 1.6308345 0.148409 0 P 0
L 1.6141732 0.2684252 1.6141732 0.3017478 0 P 0
L 1.6141732 0.3017478 1.6308345 0.318409 0 P 0
L 1.6141732 0.3864173 1.6141732 0.4197399 0 P 0
L 1.6141732 0.4197399 1.6308345 0.4364011 0 P 0
L 1.63 2.6175 1.63 2.6575 0 P 0
L 1.63 2.6175 1.67 2.6175 0 P 0
L 1.63 2.6575 1.67 2.6575 0 P 0
L 1.6308345 0.148409 1.6474958 0.1317478 0 P 0
L 1.6308345 0.318409 1.6474958 0.3017478 0 P 0
L 1.6308345 0.4364011 1.6474958 0.4197399 0 P 0
L 1.6474958 0.0984252 1.6474958 0.1234171 0 P 0
L 1.6474958 0.1234171 1.6141732 0.1234171 0 P 0
L 1.6474958 0.1317478 1.6474958 0.0984252 0 P 0
L 1.6474958 0.2684252 1.6474958 0.2934171 0 P 0
L 1.6474958 0.2934171 1.6141732 0.2934171 0 P 0
L 1.6474958 0.3017478 1.6474958 0.2684252 0 P 0
L 1.6474958 0.3864173 1.6474958 0.4114092 0 P 0
L 1.6474958 0.4114092 1.6141732 0.4114092 0 P 0
L 1.6474958 0.4197399 1.6474958 0.3864173 0 P 0
L 1.67 2.6175 1.67 2.6575 0 P 0
L 1.6925 2.37375 1.6925 2.41375 0 P 0
L 1.6925 2.37375 1.7325 2.37375 0 P 0
L 1.6925 2.41375 1.7325 2.41375 0 P 0
L 1.6925 2.6175 1.6925 2.6575 0 P 0
L 1.6925 2.6175 1.7325 2.6175 0 P 0
L 1.6925 2.6575 1.7325 2.6575 0 P 0
L 1.7175 2.33 1.7175 2.37 0 P 0
L 1.7175 2.33 1.7575 2.33 0 P 0
L 1.7175 2.37 1.7575 2.37 0 P 0
L 1.7175 2.4175 1.7175 2.4575 0 P 0
L 1.7175 2.4175 1.7575 2.4175 0 P 0
L 1.7175 2.4575 1.7575 2.4575 0 P 0
L 1.7175 2.53 1.7175 2.57 0 P 0
L 1.7175 2.53 1.7575 2.53 0 P 0
L 1.7175 2.57 1.7575 2.57 0 P 0
L 1.7325 2.37375 1.7325 2.41375 0 P 0
L 1.7325 2.6175 1.7325 2.6575 0 P 0
L 1.755 2.43625 1.755 2.47625 0 P 0
L 1.755 2.43625 1.795 2.43625 0 P 0
L 1.755 2.47625 1.795 2.47625 0 P 0
L 1.755 2.6175 1.755 2.6575 0 P 0
L 1.755 2.6175 1.795 2.6175 0 P 0
L 1.755 2.6575 1.795 2.6575 0 P 0
L 1.7575 2.33 1.7575 2.37 0 P 0
L 1.7575 2.4175 1.7575 2.4575 0 P 0
L 1.7575 2.53 1.7575 2.57 0 P 0
L 1.76125 1.655 1.76125 1.695 0 P 0
L 1.76125 1.655 1.80125 1.655 0 P 0
L 1.76125 1.695 1.80125 1.695 0 P 0
L 1.795 2.43625 1.795 2.47625 0 P 0
L 1.795 2.6175 1.795 2.6575 0 P 0
L 1.80125 1.655 1.80125 1.695 0 P 0
L 1.805 1.73 1.805 1.77 0 P 0
L 1.805 1.73 1.845 1.73 0 P 0
L 1.805 1.77 1.845 1.77 0 P 0
L 1.81125 2.0675 1.81125 2.1075 0 P 0
L 1.81125 2.0675 1.85125 2.0675 0 P 0
L 1.81125 2.1075 1.85125 2.1075 0 P 0
L 1.8175 1.955 1.8175 1.995 0 P 0
L 1.8175 1.955 1.8575 1.955 0 P 0
L 1.8175 1.995 1.8575 1.995 0 P 0
L 1.8175 2.6175 1.8175 2.6575 0 P 0
L 1.8175 2.6175 1.8575 2.6175 0 P 0
L 1.8175 2.6575 1.8575 2.6575 0 P 0
L 1.83 2.16125 1.83 2.20125 0 P 0
L 1.83 2.16125 1.87 2.16125 0 P 0
L 1.83 2.20125 1.87 2.20125 0 P 0
L 1.845 1.73 1.845 1.77 0 P 0
L 1.84875 1.655 1.84875 1.695 0 P 0
L 1.84875 1.655 1.88875 1.655 0 P 0
L 1.84875 1.695 1.88875 1.695 0 P 0
L 1.84875 1.98 1.84875 2.02 0 P 0
L 1.84875 1.98 1.88875 1.98 0 P 0
L 1.84875 2.02 1.88875 2.02 0 P 0
L 1.84875 2.06125 1.84875 2.10125 0 P 0
L 1.84875 2.06125 1.88875 2.06125 0 P 0
L 1.84875 2.10125 1.88875 2.10125 0 P 0
L 1.85125 2.0675 1.85125 2.1075 0 P 0
L 1.8575 1.955 1.8575 1.995 0 P 0
L 1.8575 2.6175 1.8575 2.6575 0 P 0
L 1.86125 2.2175 1.86125 2.2575 0 P 0
L 1.86125 2.2175 1.90125 2.2175 0 P 0
L 1.86125 2.2575 1.90125 2.2575 0 P 0
L 1.86125 2.3425 1.86125 2.3825 0 P 0
L 1.86125 2.3425 1.90125 2.3425 0 P 0
L 1.86125 2.3825 1.90125 2.3825 0 P 0
L 1.86125 2.5675 1.86125 2.6075 0 P 0
L 1.86125 2.5675 1.90125 2.5675 0 P 0
L 1.86125 2.6075 1.90125 2.6075 0 P 0
L 1.87 2.16125 1.87 2.20125 0 P 0
L 1.88 2.6175 1.88 2.6575 0 P 0
L 1.88 2.6175 1.92 2.6175 0 P 0
L 1.88 2.6575 1.92 2.6575 0 P 0
L 1.88875 1.655 1.88875 1.695 0 P 0
L 1.88875 1.98 1.88875 2.02 0 P 0
L 1.88875 2.06125 1.88875 2.10125 0 P 0
L 1.8925 2.06125 1.8925 2.10125 0 P 0
L 1.8925 2.06125 1.9325 2.06125 0 P 0
L 1.8925 2.10125 1.9325 2.10125 0 P 0
L 1.90125 2.2175 1.90125 2.2575 0 P 0
L 1.90125 2.3425 1.90125 2.3825 0 P 0
L 1.90125 2.5675 1.90125 2.6075 0 P 0
L 1.92 2.6175 1.92 2.6575 0 P 0
L 1.92375 2.3425 1.92375 2.3825 0 P 0
L 1.92375 2.3425 1.96375 2.3425 0 P 0
L 1.92375 2.3825 1.96375 2.3825 0 P 0
L 1.92375 2.5675 1.92375 2.6075 0 P 0
L 1.92375 2.5675 1.96375 2.5675 0 P 0
L 1.92375 2.6075 1.96375 2.6075 0 P 0
L 1.93 2.0175 1.93 2.0575 0 P 0
L 1.93 2.0175 1.97 2.0175 0 P 0
L 1.93 2.0575 1.97 2.0575 0 P 0
L 1.9325 2.06125 1.9325 2.10125 0 P 0
L 1.9425 2.6175 1.9425 2.6575 0 P 0
L 1.9425 2.6175 1.9825 2.6175 0 P 0
L 1.9425 2.6575 1.9825 2.6575 0 P 0
L 1.96125 2.1425 1.96125 2.1825 0 P 0
L 1.96125 2.1425 2.00125 2.1425 0 P 0
L 1.96125 2.1825 2.00125 2.1825 0 P 0
L 1.96125 2.2675 1.96125 2.3075 0 P 0
L 1.96125 2.2675 2.00125 2.2675 0 P 0
L 1.96125 2.3075 2.00125 2.3075 0 P 0
L 1.96375 2.3425 1.96375 2.3825 0 P 0
L 1.96375 2.5675 1.96375 2.6075 0 P 0
L 1.97 2.0175 1.97 2.0575 0 P 0
L 1.9825 2.6175 1.9825 2.6575 0 P 0
L 2.00125 2.1425 2.00125 2.1825 0 P 0
L 2.00125 2.2675 2.00125 2.3075 0 P 0
L 2.1259843 0.0984252 2.1259843 0.1317478 0 P 0
L 2.1259843 0.1317478 2.1426456 0.148409 0 P 0
L 2.1259843 0.2684252 2.1259843 0.3017478 0 P 0
L 2.1259843 0.3017478 2.1426456 0.318409 0 P 0
L 2.1259843 0.3864173 2.1259843 0.4197399 0 P 0
L 2.1259843 0.4197399 2.1426456 0.4364011 0 P 0
L 2.1426456 0.148409 2.1593069 0.1317478 0 P 0
L 2.1426456 0.318409 2.1593069 0.3017478 0 P 0
L 2.1426456 0.4364011 2.1593069 0.4197399 0 P 0
L 2.1593069 0.0984252 2.1593069 0.1234171 0 P 0
L 2.1593069 0.1234171 2.1259843 0.1234171 0 P 0
L 2.1593069 0.1317478 2.1593069 0.0984252 0 P 0
L 2.1593069 0.2684252 2.1593069 0.2934171 0 P 0
L 2.1593069 0.2934171 2.1259843 0.2934171 0 P 0
L 2.1593069 0.3017478 2.1593069 0.2684252 0 P 0
L 2.1593069 0.3864173 2.1593069 0.4114092 0 P 0
L 2.1593069 0.4114092 2.1259843 0.4114092 0 P 0
L 2.1593069 0.4197399 2.1593069 0.3864173 0 P 0
L 2.28 2.6175 2.28 2.6575 0 P 0
L 2.28 2.6175 2.32 2.6175 0 P 0
L 2.28 2.6575 2.32 2.6575 0 P 0
L 2.32 2.6175 2.32 2.6575 0 P 0
L 2.3425 2.37375 2.3425 2.41375 0 P 0
L 2.3425 2.37375 2.3825 2.37375 0 P 0
L 2.3425 2.41375 2.3825 2.41375 0 P 0
L 2.3425 2.6175 2.3425 2.6575 0 P 0
L 2.3425 2.6175 2.3825 2.6175 0 P 0
L 2.3425 2.6575 2.3825 2.6575 0 P 0
L 2.3675 2.33 2.3675 2.37 0 P 0
L 2.3675 2.33 2.4075 2.33 0 P 0
L 2.3675 2.37 2.4075 2.37 0 P 0
L 2.3675 2.4175 2.3675 2.4575 0 P 0
L 2.3675 2.4175 2.4075 2.4175 0 P 0
L 2.3675 2.4575 2.4075 2.4575 0 P 0
L 2.3675 2.53 2.3675 2.57 0 P 0
L 2.3675 2.53 2.4075 2.53 0 P 0
L 2.3675 2.57 2.4075 2.57 0 P 0
L 2.3825 2.37375 2.3825 2.41375 0 P 0
L 2.3825 2.6175 2.3825 2.6575 0 P 0
L 2.405 2.43625 2.405 2.47625 0 P 0
L 2.405 2.43625 2.445 2.43625 0 P 0
L 2.405 2.47625 2.445 2.47625 0 P 0
L 2.4075 2.33 2.4075 2.37 0 P 0
L 2.4075 2.4175 2.4075 2.4575 0 P 0
L 2.4075 2.53 2.4075 2.57 0 P 0
L 2.41125 1.655 2.41125 1.695 0 P 0
L 2.41125 1.655 2.45125 1.655 0 P 0
L 2.41125 1.695 2.45125 1.695 0 P 0
L 2.4175 2.58 2.4175 2.62 0 P 0
L 2.4175 2.58 2.4575 2.58 0 P 0
L 2.4175 2.6175 2.4175 2.6575 0 P 0
L 2.4175 2.6175 2.4575 2.6175 0 P 0
L 2.4175 2.62 2.4575 2.62 0 P 0
L 2.4175 2.6575 2.4575 2.6575 0 P 0
L 2.445 2.43625 2.445 2.47625 0 P 0
L 2.45125 1.655 2.45125 1.695 0 P 0
L 2.455 1.73 2.455 1.77 0 P 0
L 2.455 1.73 2.495 1.73 0 P 0
L 2.455 1.77 2.495 1.77 0 P 0
L 2.455 2.6175 2.455 2.6575 0 P 0
L 2.455 2.6175 2.495 2.6175 0 P 0
L 2.455 2.6575 2.495 2.6575 0 P 0
L 2.4575 2.58 2.4575 2.62 0 P 0
L 2.4575 2.6175 2.4575 2.6575 0 P 0
L 2.46125 2.0675 2.46125 2.1075 0 P 0
L 2.46125 2.0675 2.50125 2.0675 0 P 0
L 2.46125 2.1075 2.50125 2.1075 0 P 0
L 2.4675 1.955 2.4675 1.995 0 P 0
L 2.4675 1.955 2.5075 1.955 0 P 0
L 2.4675 1.995 2.5075 1.995 0 P 0
L 2.48 2.16125 2.48 2.20125 0 P 0
L 2.48 2.16125 2.52 2.16125 0 P 0
L 2.48 2.20125 2.52 2.20125 0 P 0
L 2.48 2.58 2.48 2.62 0 P 0
L 2.48 2.58 2.52 2.58 0 P 0
L 2.48 2.62 2.52 2.62 0 P 0
L 2.495 1.73 2.495 1.77 0 P 0
L 2.495 2.6175 2.495 2.6575 0 P 0
L 2.49875 1.655 2.49875 1.695 0 P 0
L 2.49875 1.655 2.53875 1.655 0 P 0
L 2.49875 1.695 2.53875 1.695 0 P 0
L 2.49875 1.98 2.49875 2.02 0 P 0
L 2.49875 1.98 2.53875 1.98 0 P 0
L 2.49875 2.02 2.53875 2.02 0 P 0
L 2.49875 2.06125 2.49875 2.10125 0 P 0
L 2.49875 2.06125 2.53875 2.06125 0 P 0
L 2.49875 2.10125 2.53875 2.10125 0 P 0
L 2.50125 2.0675 2.50125 2.1075 0 P 0
L 2.5075 1.955 2.5075 1.995 0 P 0
L 2.51125 2.2175 2.51125 2.2575 0 P 0
L 2.51125 2.2175 2.55125 2.2175 0 P 0
L 2.51125 2.2575 2.55125 2.2575 0 P 0
L 2.51125 2.3425 2.51125 2.3825 0 P 0
L 2.51125 2.3425 2.55125 2.3425 0 P 0
L 2.51125 2.3825 2.55125 2.3825 0 P 0
L 2.51125 2.5675 2.51125 2.6075 0 P 0
L 2.51125 2.5675 2.55125 2.5675 0 P 0
L 2.51125 2.6075 2.55125 2.6075 0 P 0
L 2.52 2.16125 2.52 2.20125 0 P 0
L 2.52 2.58 2.52 2.62 0 P 0
L 2.53875 1.655 2.53875 1.695 0 P 0
L 2.53875 1.98 2.53875 2.02 0 P 0
L 2.53875 2.06125 2.53875 2.10125 0 P 0
L 2.5390551 0.1868504 2.5390551 0.2068504 0 P 0
L 2.5390551 0.1868504 2.5490551 0.1868504 0 P 0
L 2.5390551 0.2068504 2.5490551 0.2068504 0 P 0
L 2.5390551 4.5175591 2.5390551 4.5375591 0 P 0
L 2.5390551 4.5175591 2.5490551 4.5175591 0 P 0
L 2.5390551 4.5375591 2.5490551 4.5375591 0 P 0
L 2.5425 2.06125 2.5425 2.10125 0 P 0
L 2.5425 2.06125 2.5825 2.06125 0 P 0
L 2.5425 2.10125 2.5825 2.10125 0 P 0
L 2.5490551 0.1768504 2.5490551 0.1868504 0 P 0
L 2.5490551 0.1768504 2.5690551 0.1768504 0 P 0
L 2.5490551 0.2068504 2.5490551 0.2168504 0 P 0
L 2.5490551 0.2168504 2.5690551 0.2168504 0 P 0
L 2.5490551 4.5075591 2.5490551 4.5175591 0 P 0
L 2.5490551 4.5075591 2.5690551 4.5075591 0 P 0
L 2.5490551 4.5375591 2.5490551 4.5475591 0 P 0
L 2.5490551 4.5475591 2.5690551 4.5475591 0 P 0
L 2.55125 2.2175 2.55125 2.2575 0 P 0
L 2.55125 2.3425 2.55125 2.3825 0 P 0
L 2.55125 2.5675 2.55125 2.6075 0 P 0
L 2.5690551 0.1768504 2.5690551 0.1868504 0 P 0
L 2.5690551 0.1868504 2.5790551 0.1868504 0 P 0
L 2.5690551 0.2068504 2.5690551 0.2168504 0 P 0
L 2.5690551 0.2068504 2.5790551 0.2068504 0 P 0
L 2.5690551 4.5075591 2.5690551 4.5175591 0 P 0
L 2.5690551 4.5175591 2.5790551 4.5175591 0 P 0
L 2.5690551 4.5375591 2.5690551 4.5475591 0 P 0
L 2.5690551 4.5375591 2.5790551 4.5375591 0 P 0
L 2.57375 2.3425 2.57375 2.3825 0 P 0
L 2.57375 2.3425 2.61375 2.3425 0 P 0
L 2.57375 2.3825 2.61375 2.3825 0 P 0
L 2.57375 2.5675 2.57375 2.6075 0 P 0
L 2.57375 2.5675 2.61375 2.5675 0 P 0
L 2.57375 2.6075 2.61375 2.6075 0 P 0
L 2.5790551 0.1868504 2.5790551 0.2068504 0 P 0
L 2.5790551 4.5175591 2.5790551 4.5375591 0 P 0
L 2.58 2.0175 2.58 2.0575 0 P 0
L 2.58 2.0175 2.62 2.0175 0 P 0
L 2.58 2.0575 2.62 2.0575 0 P 0
L 2.5825 2.06125 2.5825 2.10125 0 P 0
L 2.61125 2.1425 2.61125 2.1825 0 P 0
L 2.61125 2.1425 2.65125 2.1425 0 P 0
L 2.61125 2.1825 2.65125 2.1825 0 P 0
L 2.61125 2.2675 2.61125 2.3075 0 P 0
L 2.61125 2.2675 2.65125 2.2675 0 P 0
L 2.61125 2.3075 2.65125 2.3075 0 P 0
L 2.61375 2.3425 2.61375 2.3825 0 P 0
L 2.61375 2.5675 2.61375 2.6075 0 P 0
L 2.62 2.0175 2.62 2.0575 0 P 0
L 2.65125 2.1425 2.65125 2.1825 0 P 0
L 2.65125 2.2675 2.65125 2.3075 0 P 0
