#Layer_Physical_Order=4
#Layer_Color=16440176
#
#Feature symbol names
#
$0 r6
$1 r16
$2 r4
$3 r10
$4 r28
$5 rect51.1811x51.1811xr12.7952
$6 r51.1811
$7 r60
$8 r21.6535
$9 r17.7165
$10 r29.5276

#
#Feature attribute names
#
@0 .geometry
@1 .pad_usage
@2 .nomenclature
@3 .string
@4 .string_angle

#
#Feature attribute text strings
#
&0 Pad_Simple_X51.1811Y51.1811H31.4961C71.4961
&1 Pad_Simple_X60.0000Y60.0000H40.0000C80.0000
&2 VIA_RoundD21.6535H11.8110C51.8110
&3 VIA_RoundD17.7165H7.8740C47.8740
&4 VIA_RoundD29.5276H19.6850C59.6850

#
#Layer features
#
A 2.8599409 4.3839942 2.8599409 4.3785057 2.8815945 4.38125 0 P 0 N
A 4.5611734 3.525 4.5388265 3.525 4.55 3.50625 0 P 0 N
A 7.0527495 4.22475 7.0607495 4.23275 7.0527495 4.23275 0 P 0 N
A 7.0767495 4.22625 7.0927495 4.22625 7.0847495 4.22625 0 P 0 N
A 7.0767495 4.2327998 7.0607495 4.2327998 7.0687495 4.2327998 0 P 0 N
A 7.1087495 4.23275 7.1167495 4.22475 7.1167495 4.23275 0 P 0 N
A 7.1087495 4.23675 7.0927495 4.23675 7.1007495 4.23675 0 P 0 N
A 7.2279995 4.281 7.2359995 4.289 7.2279995 4.289 0 P 0 N
A 7.2519995 4.2825 7.2679995 4.2825 7.2599995 4.2825 0 P 0 N
A 7.2519995 4.293 7.2359995 4.293 7.2439995 4.293 0 P 0 N
A 7.2839995 4.2825 7.2999995 4.2825 7.2919995 4.2825 0 P 0 N
A 7.2839995 4.293 7.2679995 4.293 7.2759995 4.293 0 P 0 N
A 7.3159995 4.2825 7.3319995 4.2825 7.3239995 4.2825 0 P 0 N
A 7.3159995 4.293 7.2999995 4.293 7.3079995 4.293 0 P 0 N
A 7.3479995 4.289 7.3559995 4.281 7.3559995 4.289 0 P 0 N
A 7.3479995 4.293 7.3319995 4.293 7.3399995 4.293 0 P 0 N
L 0.09375 1.23125 0.09375 4.14375 1 P 0
L 0.09375 1.23125 0.175 1.15 1 P 0
L 0.09375 4.14375 0.58125 4.63125 1 P 0
L 0.175 1.15 0.66875 1.15 1 P 0
L 0.49375 2.56875 1.43125 2.56875 0 P 0
L 0.58125 4.63125 4.5193897 4.63125 1 P 0
L 0.66875 1.15 0.7125 1.10625 1 P 0
L 0.9 3.05625 1.325 3.05625 0 P 0
L 1.148872 1.5364664 1.1624056 1.55 0 P 0
L 1.1624056 1.55 2.0625 1.55 0 P 0
L 1.1875 3.4625 1.2625 3.5375 1 P 0
L 1.2625 3.5375 1.2625 3.5375001 1 P 0
L 1.2625 3.5375001 2.3312499 4.60625 1 P 0
L 1.28125 3.08125 1.33125 3.08125 0 P 0
L 1.325 3.05625 1.375 3.10625 0 P 0
L 1.33125 0.79375 1.35625 0.76875 0 P 0
L 1.33125 3.08125 1.36875 3.11875 0 P 0
L 1.35625 0.76875 1.51875 0.76875 0 P 0
L 1.36875 3.11875 4.45 3.11875 0 P 0
L 1.375 3.10625 4.425 3.10625 0 P 0
L 1.43125 2.56875 1.65625 2.79375 0 P 0
L 1.4375 2.1125 1.54375 2.21875 3 P 0
L 1.4875 1.93125 1.51875 1.9625 0 P 0
L 1.49375 2.01875 1.525 2.05 0 P 0
L 1.5 0.73125 1.5 0.7312501 0 P 0
L 1.5 0.7312501 1.5499999 0.78125 0 P 0
L 1.51875 0.76875 1.54375 0.79375 0 P 0
L 1.51875 1.9625 1.825 1.9625 0 P 0
L 1.525 2.05 1.59375 2.05 0 P 0
L 1.525 2.6125 1.5625 2.65 0 P 0
L 1.53125 1.58125 1.55625 1.60625 0 P 0
L 1.5375 2.01875 1.5625 1.99375 0 P 0
L 1.54375 0.79375 2.9625 0.79375 0 P 0
L 1.54375 2.21875 1.7875 2.21875 3 P 0
L 1.5499999 0.78125 2.99375 0.78125 0 P 0
L 1.55625 1.60625 2.1 1.60625 0 P 0
L 1.5625 1.99375 1.7375 1.99375 0 P 0
L 1.5625 2.65 2.56875 2.65 0 P 0
L 1.59375 1.33125 1.6530768 1.3905768 0 P 0
L 1.59375 2.05 1.6125 2.06875 0 P 0
L 1.6125 2.06875 1.70625 2.06875 0 P 0
L 1.6530768 1.3905768 1.7408161 1.3905768 0 P 0
L 1.65625 2.79375 4.58125 2.79375 0 P 0
L 1.70625 2.06875 1.74375 2.03125 0 P 0
L 1.725 1.49375 1.76875 1.5375 0 P 0
L 1.725 1.81875 1.7875 1.88125 0 P 0
L 1.73125 2.6 1.9125 2.6 0 P 0
L 1.7375 1.99375 1.74375 2 0 P 0
L 1.7408161 1.3905768 1.7501429 1.38125 0 P 0
L 1.74375 2 1.825 2 0 P 0
L 1.74375 2.03125 1.825 2.03125 0 P 0
L 1.7484232 1.2921732 1.75 1.29375 4 P 0
L 1.7501429 1.38125 1.875 1.38125 0 P 0
L 1.76875 1.5375 1.9625 1.5375 0 P 0
L 1.76875 3.3875 1.94375 3.5625 0 P 0
L 1.775 1.49375 1.8 1.51875 0 P 0
L 1.78125 1.0960762 1.78125 1.1625 0 P 0
L 1.78125 1.0960762 1.885403 0.9919232 0 P 0
L 1.7875 1.88125 2.35625 1.88125 0 P 0
L 1.7875 2.21875 1.83125 2.2625 3 P 0
L 1.8 1.51875 1.94375 1.51875 0 P 0
L 1.8125 1.68125 1.8316323 1.68125 0 P 0
L 1.81875 1.79375 1.9066323 1.79375 0 P 0
L 1.825 1.49375 1.93125 1.49375 0 P 0
L 1.83125 1.0958867 1.83125 1.1625 0 P 0
L 1.83125 1.0958867 1.8552082 1.0719285 0 P 0
L 1.83125 1.1625 1.85625 1.1875 0 P 0
L 1.83125 2.2625 1.88125 2.2625 3 P 0
L 1.8316323 1.68125 1.8441323 1.66875 0 P 0
L 1.84375 1.7 1.9 1.75625 0 P 0
L 1.8441323 1.66875 1.9121177 1.66875 0 P 0
L 1.85625 1.1875 1.99375 1.1875 0 P 0
L 1.875 1.38125 1.90625 1.4125 0 P 0
L 1.885403 0.9919232 2.0731732 0.9919232 0 P 0
L 1.89375 1.3 1.95 1.3 0 P 0
L 1.9 1.05625 1.9 1.1625 0 P 0
L 1.9 1.05625 1.9443268 1.0119232 0 P 0
L 1.9 1.75625 2.0625 1.75625 0 P 0
L 1.90625 1.4125 1.98125 1.4125 0 P 0
L 1.9066323 1.79375 1.9284591 1.7719232 0 P 0
L 1.9121177 1.66875 1.9246177 1.68125 0 P 0
L 1.9125 1.63125 1.925 1.61875 0 P 0
L 1.9125 2.6 1.925 2.5875 0 P 0
L 1.9246177 1.68125 1.975 1.68125 0 P 0
L 1.925 0.75625 1.9375148 0.7687648 0 P 0
L 1.925 1.61875 2.09375 1.61875 0 P 0
L 1.925 2.55625 1.925 2.5875 0 P 0
L 1.9284591 1.7719232 2.1126912 1.7719232 0 P 0
L 1.93125 1.1625 1.9875 1.1625 0 P 0
L 1.9375148 0.7687648 3.0687352 0.7687648 0 P 0
L 1.94375 1.51875 1.96875 1.49375 0 P 0
L 1.94375 3.5625 2.5904821 3.5625 0 P 0
L 1.9443268 1.0119232 2.064889 1.0119232 0 P 0
L 1.95 1.3 2.05 1.4 0 P 0
L 1.9625 1.5375 2.00625 1.49375 0 P 0
L 1.975 1.68125 2.00625 1.65 0 P 0
L 1.98125 1.4125 2.13125 1.4125 0 P 0
L 1.9875 1.1625 2.1375 1.3125 0 P 0
L 1.99375 1.1875 2.13125 1.325 0 P 0
L 2 3.23125 2 3.3125 0 P 0
L 2 3.23125 2.1 3.13125 0 P 0
L 2 3.43125 2.15 3.43125 0 P 0
L 2.00625 1.65 2.03125 1.65 0 P 0
L 2.025 2.3737697 2.0794849 2.3737697 0 P 0
L 2.03125 1.65 2.05625 1.675 0 P 0
L 2.05 1.4 2.125 1.4 0 P 0
L 2.05 2.1125 2.09375 2.15625 0 P 0
L 2.05625 1.675 2.1 1.675 0 P 0
L 2.05625 3.225 2.1375 3.14375 0 P 0
L 2.0625 1.55 2.11875 1.60625 0 P 0
L 2.0625 1.75625 2.10625 1.7125 0 P 0
L 2.064889 1.0119232 2.3092158 1.25625 0 P 0
L 2.0656732 2.44375 2.710433 2.44375 0 P 0
L 2.0731732 0.9919232 2.31875 1.2375 0 P 0
L 2.0794849 2.3737697 2.096292 2.3905768 0 P 0
L 2.08125 2.475 2.1 2.49375 0 P 0
L 2.09375 1.61875 2.1125 1.6375 0 P 0
L 2.09375 2.15625 2.09375 2.24375 0 P 0
L 2.09375 2.24375 2.16875 2.31875 0 P 0
L 2.096292 2.3905768 2.6719232 2.3905768 0 P 0
L 2.1 1.60625 2.1125 1.61875 0 P 0
L 2.1 2.49375 2.5625 2.49375 0 P 0
L 2.1 3.13125 4.475 3.13125 0 P 0
L 2.1125 1.61875 2.86875 1.61875 0 P 0
L 2.1125 1.6375 2.4307352 1.6375 0 P 0
L 2.1126912 1.7719232 2.140768 1.8 0 P 0
L 2.11875 1.60625 2.8625 1.60625 0 P 0
L 2.125 1.4 2.1875 1.3375 0 P 0
L 2.13125 1.325 3.15 1.325 0 P 0
L 2.13125 1.4125 2.19375 1.35 0 P 0
L 2.1375 1.3125 3.14375 1.3125 0 P 0
L 2.1375 2.25 2.35 2.25 0 P 0
L 2.1375 2.36875 2.53125 2.36875 0 P 0
L 2.1375 3.14375 4.49375 3.14375 0 P 0
L 2.140768 1.8 2.425 1.8 0 P 0
L 2.15 3.43125 2.175 3.40625 0 P 0
L 2.16875 2.31875 2.3625 2.31875 0 P 0
L 2.175 3.40625 2.23125 3.40625 0 P 0
L 2.18125 3.475 2.21875 3.4375 0 P 0
L 2.1875 1.3375 3.325 1.3375 0 P 0
L 2.19375 1.35 3.31875 1.35 0 P 0
L 2.20625 3.1875 2.20625 3.2625 0 P 0
L 2.20625 3.1875 2.2375 3.15625 0 P 0
L 2.20625 3.2625 2.24375 3.3 0 P 0
L 2.21875 3.19375 2.21875 3.2375 0 P 0
L 2.21875 3.19375 2.24375 3.16875 0 P 0
L 2.21875 3.2375 2.24375 3.2625 0 P 0
L 2.23125 3.40625 2.24375 3.41875 0 P 0
L 2.2375 3.15625 4.5 3.15625 0 P 0
L 2.2375 3.3375 2.2375 3.3654378 0 P 0
L 2.2375 3.3654378 2.3720622 3.5 0 P 0
L 2.24375 3.16875 4.50625 3.16875 0 P 0
L 2.24375 3.225 2.2875 3.18125 0 P 0
L 2.2875 3.18125 4.5125 3.18125 0 P 0
L 2.3 1.825 2.8 1.825 0 P 0
L 2.3092158 1.25625 2.4875 1.25625 0 P 0
L 2.31875 1.2375 2.4843796 1.2375 0 P 0
L 2.3312499 4.60625 4.1207641 4.60625 1 P 0
L 2.35 2.25 2.375 2.275 0 P 0
L 2.35625 0.74375 2.36875 0.75625 0 P 0
L 2.35625 1.88125 2.40625 1.93125 0 P 0
L 2.3625 2.31875 2.38125 2.3375 0 P 0
L 2.36875 0.75625 3.05 0.75625 0 P 0
L 2.3720622 3.5 2.3875 3.5 0 P 0
L 2.375 2.275 2.6625 2.275 0 P 0
L 2.38125 2.3375 2.425 2.3375 0 P 0
L 2.40625 1.93125 2.63125 1.93125 0 P 0
L 2.425 1.8 2.4625 1.7625 0 P 0
L 2.425 2.3375 2.4625 2.3 0 P 0
L 2.4307352 1.6375 2.43125 1.6380148 0 P 0
L 2.4307352 1.6375 2.7375 1.6375 0 P 0
L 2.43125 1.6380148 2.43125 1.725 0 P 0
L 2.4625 1.7625 2.66875 1.7625 0 P 0
L 2.48125 1.7875 2.63125 1.7875 0 P 0
L 2.4843796 1.2375 2.5281296 1.19375 0 P 0
L 2.4875 1.25625 2.53125 1.2125 0 P 0
L 2.5281296 1.19375 3.225 1.19375 0 P 0
L 2.53125 1.2125 3.225 1.2125 0 P 0
L 2.53125 2.36875 2.55625 2.34375 0 P 0
L 2.5625 2.49375 2.5762303 2.5074803 0 P 0
L 2.56875 2.65 2.68125 2.5375 0 P 0
L 2.5904821 3.5625 2.5998089 3.5718268 0 P 0
L 2.59375 3.3625 2.59375 3.41875 0 P 0
L 2.5998089 3.5718268 3.1531732 3.5718268 0 P 0
L 2.6625 2.275 2.7 2.3125 0 P 0
L 2.66875 1.7625 2.69375 1.7875 0 P 0
L 2.6719232 2.3905768 2.71875 2.34375 0 P 0
L 2.6735025 3.3952475 2.6735025 3.3952476 0 P 0
L 2.68125 2.475 2.68125 2.5375 0 P 0
L 2.7 2.3125 2.8375 2.3125 0 P 0
L 2.710433 2.44375 2.7427165 2.4760335 0 P 0
L 2.7125 3.44375 2.76875 3.44375 0 P 0
L 2.7375 1.6375 2.74375 1.64375 0 P 0
L 2.74375 1.64375 2.74375 1.6625 0 P 0
L 2.75625 4.2678642 2.75625 4.3 0 P 0
L 2.75625 4.2678642 2.7678642 4.25625 0 P 0
L 2.75625 4.3 2.7871063 4.3308563 0 P 0
L 2.76875 3.44375 2.81875 3.39375 0 P 0
L 2.7871063 4.3308563 2.7871063 4.564567 0 P 0
L 2.7871063 4.564567 2.7874015 4.5648622 0 P 0
L 2.7971063 4.3373169 2.7971063 4.5160039 0 P 0
L 2.7971063 4.3373169 2.81875 4.3156732 0 P 0
L 2.7971063 4.5160039 2.8188976 4.5377952 0 P 0
L 2.8 0.73125 2.8125 0.74375 0 P 0
L 2.8 1.825 2.875 1.9 0 P 0
L 2.8125 0.74375 3.04375 0.74375 0 P 0
L 2.81875 3.225 2.81875 3.39375 0 P 0
L 2.81875 3.225 2.85 3.19375 0 P 0
L 2.81875 4.25625 2.81875 4.28125 0 P 0
L 2.81875 4.28125 2.8599409 4.3224409 0 P 0
L 2.8188976 4.5377952 2.8188976 4.5648622 0 P 0
L 2.8375 2.3125 2.85 2.325 0 P 0
L 2.85 3.19375 3.8375 3.19375 0 P 0
L 2.8503936 4.5372048 2.8503936 4.5648622 0 P 0
L 2.8503936 4.5372048 2.8599409 4.5276575 0 P 0
L 2.85625 3.21875 2.86875 3.20625 0 P 0
L 2.8599409 4.3224409 2.8599409 4.3785057 0 P 0
L 2.8599409 4.3839942 2.8599409 4.5276575 0 P 0
L 2.8625 1.60625 2.8875 1.58125 0 P 0
L 2.86875 1.61875 2.88125 1.60625 0 P 0
L 2.86875 3.20625 3.83125 3.20625 0 P 0
L 2.875 0.8875 2.9 0.8875 0 P 0
L 2.875 0.93125 2.875 0.98125 0 P 0
L 2.875 0.93125 2.9125 0.89375 0 P 0
L 2.875 1.075 2.9 1.05 0 P 0
L 2.88125 1.14375 2.9125 1.1125 0 P 0
L 2.88125 1.60625 3.85625 1.60625 0 P 0
L 2.8818897 4.4868604 2.8818897 4.5648622 0 P 0
L 2.8818897 4.4868604 2.90625 4.4625001 0 P 0
L 2.9 0.8875 2.90625 0.88125 0 P 0
L 2.9 0.925 2.9 1.05 0 P 0
L 2.9 0.925 2.91875 0.90625 0 P 0
L 2.90625 0.88125 3.2812499 0.88125 0 P 0
L 2.90625 4.1875 2.90625 4.2125 0 P 0
L 2.90625 4.2125 2.93125 4.2375 0 P 0
L 2.90625 4.275 2.90625 4.4625001 0 P 0
L 2.9125 0.89375 3.2499999 0.89375 0 P 0
L 2.9125 0.9982478 2.9125 1.1125 0 P 0
L 2.9125 0.9982478 2.9419978 0.96875 0 P 0
L 2.9133858 4.4928642 2.9133858 4.5648622 0 P 0
L 2.9133858 4.4928642 2.93125 4.475 0 P 0
L 2.91875 0.90625 3.2187499 0.90625 0 P 0
L 2.93125 4.2375 2.93125 4.475 0 P 0
L 2.9419978 0.96875 3.1875001 0.96875 0 P 0
L 2.95 1.7875 3.1 1.7875 0 P 0
L 2.95 4.10625 2.95 4.175 0 P 0
L 2.95 4.175 2.9655768 4.1905768 0 P 0
L 2.95 4.3171633 2.95 4.40625 0 P 0
L 2.95 4.3171633 2.9655768 4.3015865 0 P 0
L 2.95 4.40625 2.9760827 4.4323327 0 P 0
L 2.95625 2.625 3.1125 2.78125 0 P 0
L 2.9625 0.79375 2.99375 0.825 0 P 0
L 2.9655768 4.1905768 2.9655768 4.3015865 0 P 0
L 2.975 1.14375 3 1.11875 0 P 0
L 2.975 4.5 2.9760827 4.4989173 0 P 0
L 2.9760827 4.2834452 2.9760827 4.38125 0 P 0
L 2.9760827 4.2834452 2.9968268 4.2627011 0 P 0
L 2.9760827 4.4323327 2.9760827 4.4989173 0 P 0
L 2.99375 0.78125 3.00625 0.79375 0 P 0
L 2.99375 0.825 3.3937501 0.825 0 P 0
L 2.9968268 4.0594232 2.9968268 4.2627011 0 P 0
L 3 1.11875 3.06875 1.11875 0 P 0
L 3.00625 4.5 3.0068268 4.4994232 0 P 0
L 3.0068268 4.1900964 3.0068268 4.4994232 0 P 0
L 3.0068268 4.1900964 3.01875 4.1781732 0 P 0
L 3.01875 2.1125 3.125 2.21875 3 P 0
L 3.0390748 4.3156732 3.0390748 4.5375 0 P 0
L 3.0390748 4.3156732 3.0392224 4.3158208 0 P 0
L 3.0392224 4.3158208 3.0392224 4.5647146 0 P 0
L 3.0392224 4.5647146 3.03937 4.5648622 0 P 0
L 3.04375 0.74375 3.06875 0.71875 0 P 0
L 3.04375 2.94375 3.15625 2.83125 1 P 0
L 3.05 0.75625 3.075 0.73125 0 P 0
L 3.0687352 0.7687648 3.08125 0.75625 0 P 0
L 3.06875 0.71875 3.13125 0.71875 0 P 0
L 3.06875 1.11875 3.1 1.15 0 P 0
L 3.06875 1.1625 3.26875 1.1625 0 P 0
L 3.075 0.73125 3.1 0.73125 0 P 0
L 3.075 2.01875 3.10625 2.05 0 P 0
L 3.1 0.73125 3.125 0.75625 0 P 0
L 3.1 1.15 3.2625 1.15 0 P 0
L 3.1 1.7875 3.11875 1.76875 0 P 0
L 3.1 4.1875 3.11875 4.20625 0 P 0
L 3.1023621 4.5372048 3.1023621 4.5648622 0 P 0
L 3.1023621 4.5372048 3.11875 4.5208169 0 P 0
L 3.10625 2.05 3.175 2.05 0 P 0
L 3.1125 2.78125 4.7653543 2.78125 0 P 0
L 3.11875 1.73125 3.15 1.7 0 P 0
L 3.11875 1.76875 3.25625 1.76875 0 P 0
L 3.11875 2.01875 3.14375 1.99375 0 P 0
L 3.11875 4.20625 3.11875 4.5208169 0 P 0
L 3.125 2.21875 3.41875 2.21875 3 P 0
L 3.13125 0.71875 3.16875 0.75625 0 P 0
L 3.1338582 4.3411418 3.1338582 4.5648622 0 P 0
L 3.1338582 4.3411418 3.15625 4.31875 0 P 0
L 3.14375 1.3125 3.25 1.20625 0 P 0
L 3.14375 1.99375 3.31875 1.99375 0 P 0
L 3.15 1.325 3.25625 1.21875 0 P 0
L 3.15 1.7 3.3875 1.7 0 P 0
L 3.15 4.35 3.15 4.5224409 0 P 0
L 3.15 4.35 3.2125 4.2875 0 P 0
L 3.15 4.5224409 3.1653543 4.5377952 0 P 0
L 3.1531732 3.5718268 3.24375 3.48125 0 P 0
L 3.15625 2.83125 4.54375 2.83125 1 P 0
L 3.15625 4.14375 3.15625 4.31875 0 P 0
L 3.1653543 4.5377952 3.1653543 4.5648622 0 P 0
L 3.175 2.05 3.19375 2.06875 0 P 0
L 3.1875001 0.96875 3.2125 0.9437501 0 P 0
L 3.19375 2.06875 3.2875 2.06875 0 P 0
L 3.2 4.0375 3.2125 4.05 0 P 0
L 3.2125 4.05 3.2125 4.2875 0 P 0
L 3.2187499 0.90625 3.25625 0.9437501 0 P 0
L 3.225 1.19375 3.2375 1.18125 0 P 0
L 3.225 1.2125 3.24375 1.19375 0 P 0
L 3.2375 1.18125 3.26875 1.18125 0 P 0
L 3.24375 1.19375 3.45 1.19375 0 P 0
L 3.24375 3.525 3.4620192 3.525 0 P 0
L 3.2499999 0.89375 3.3 0.9437501 0 P 0
L 3.25 1.20625 3.45625 1.20625 0 P 0
L 3.25625 0.75625 3.28125 0.73125 0 P 0
L 3.25625 1.21875 3.4621016 1.21875 0 P 0
L 3.25625 1.76875 3.30625 1.81875 0 P 0
L 3.2625 1.15 3.44375 0.96875 0 P 0
L 3.26875 1.1625 3.45 0.98125 0 P 0
L 3.26875 1.18125 3.41875 1.03125 0 P 0
L 3.2812499 0.88125 3.34375 0.9437501 0 P 0
L 3.28125 0.73125 3.3125 0.73125 0 P 0
L 3.28125 3.55 3.4600832 3.55 0 P 0
L 3.28125 4.0969232 3.28125 4.35 0 P 0
L 3.28125 4.35 3.30625 4.375 0 P 0
L 3.2875 2.06875 3.325 2.03125 0 P 0
L 3.2913385 4.5372048 3.2913385 4.5648622 0 P 0
L 3.2913385 4.5372048 3.30625 4.5222933 0 P 0
L 3.3 0.75625 3.3124999 0.7687499 0 P 0
L 3.30625 4.375 3.30625 4.5222933 0 P 0
L 3.3124999 0.7687499 3.4375 0.7687499 0 P 0
L 3.3125 0.73125 3.3375 0.75625 0 P 0
L 3.31875 1.35 3.425 1.45625 0 P 0
L 3.31875 1.99375 3.325 2 0 P 0
L 3.325 1.3375 3.43125 1.44375 0 P 0
L 3.325 2 3.357257 2 0 P 0
L 3.325 2.03125 3.4 2.03125 0 P 0
L 3.33125 1.73125 3.43125 1.73125 0 P 0
L 3.3375 0.75625 3.6375 0.75625 0 P 0
L 3.3531732 4.2718268 3.3531732 4.5637048 0 P 0
L 3.3531732 4.2718268 3.3875 4.2375 0 P 0
L 3.3531732 4.5637048 3.3543306 4.5648622 0 P 0
L 3.35625 1.79375 3.35625 1.81875 0 P 0
L 3.35625 1.79375 3.39375 1.75625 0 P 0
L 3.357257 2 3.363507 1.99375 0 P 0
L 3.363507 1.99375 3.4 1.99375 0 P 0
L 3.38125 0.79375 3.3937501 0.7812499 0 P 0
L 3.3875 4.0969232 3.3875 4.2375 0 P 0
L 3.39375 1.75625 3.6481712 1.75625 0 P 0
L 3.3937501 0.7812499 3.4375 0.7812499 0 P 0
L 3.3937501 0.825 3.4250001 0.79375 0 P 0
L 3.4 1.79375 3.4 1.81875 0 P 0
L 3.4 1.81875 3.50625 1.925 0 P 0
L 3.41875 1.03125 3.5 1.03125 0 P 0
L 3.41875 2.21875 3.46875 2.26875 3 P 0
L 3.41875 3.86875 3.4375 3.86875 0 P 0
L 3.41875 3.90625 3.49375 3.83125 0 P 0
L 3.425 1.45625 3.575 1.45625 0 P 0
L 3.425 1.675 3.50625 1.675 0 P 0
L 3.4250001 0.79375 5.5375 0.79375 0 P 0
L 3.43125 1.44375 3.59375 1.44375 0 P 0
L 3.43125 1.73125 3.4375 1.725 0 P 0
L 3.4375 0.7687499 4.0625 0.76875 0 P 0
L 3.4375 0.7812499 4.48125 0.78125 0 P 0
L 3.4375 1.725 3.6871016 1.725 0 P 0
L 3.4375 3.86875 3.48125 3.825 0 P 0
L 3.44375 0.96875 3.55 0.96875 0 P 0
L 3.4488188 4.5372048 3.4488188 4.5648622 0 P 0
L 3.4488188 4.5372048 3.5 4.4860236 0 P 0
L 3.45 0.98125 3.54375 0.98125 0 P 0
L 3.45 1.19375 3.51875 1.125 0 P 0
L 3.45625 1.20625 3.525 1.1375 0 P 0
L 3.4600832 3.55 3.48191 3.5718268 0 P 0
L 3.4620192 3.525 3.4651924 3.5281732 0 P 0
L 3.4621016 1.21875 3.5183516 1.1625 0 P 0
L 3.4651924 3.5281732 3.7531732 3.5281732 0 P 0
L 3.46875 4.25 3.5 4.28125 0 P 0
L 3.4719232 3.6155768 3.4719232 3.6469232 0 P 0
L 3.4719232 3.6155768 3.49375 3.59375 0 P 0
L 3.4719232 3.6469232 3.48125 3.65625 0 P 0
L 3.48125 3.65625 3.48125 3.825 0 P 0
L 3.48191 3.5718268 3.7780768 3.5718268 0 P 0
L 3.4875 1.6375 3.5 1.625 0 P 0
L 3.49375 3.625 3.49375 3.83125 0 P 0
L 3.49375 3.93125 3.49375 4.21875 0 P 0
L 3.49375 4.21875 3.5118109 4.2368109 0 P 0
L 3.5 1.03125 3.525 1.00625 0 P 0
L 3.5 1.625 3.525 1.625 0 P 0
L 3.5 4.28125 3.5 4.4860236 0 P 0
L 3.50625 1.675 3.51875 1.6875 0 P 0
L 3.50625 1.925 3.55 1.925 0 P 0
L 3.5118109 4.2368109 3.5118109 4.5648622 0 P 0
L 3.5183516 1.1625 3.5625 1.1625 0 P 0
L 3.51875 1.125 3.59375 1.125 0 P 0
L 3.51875 1.6875 3.5595064 1.6875 0 P 0
L 3.525 0.90625 3.625 0.80625 0 P 0
L 3.525 1.1375 3.575 1.1375 0 P 0
L 3.525 1.625 3.5375 1.6375 0 P 0
L 3.5375 1.6375 3.6625 1.6375 0 P 0
L 3.54375 0.98125 3.58125 1.01875 0 P 0
L 3.55 0.96875 3.5875 1.00625 0 P 0
L 3.55 1.925 3.6 1.975 0 P 0
L 3.5595064 1.6875 3.5970064 1.65 0 P 0
L 3.575 1.1375 3.6 1.1625 0 P 0
L 3.575 1.45625 3.6 1.48125 0 P 0
L 3.58125 1.01875 3.79375 1.01875 0 P 0
L 3.5875 1.00625 3.8 1.00625 0 P 0
L 3.59375 1.125 3.63125 1.1625 0 P 0
L 3.59375 1.44375 3.625 1.4125 0 P 0
L 3.5970064 1.65 3.65625 1.65 0 P 0
L 3.6 1.48125 3.6375 1.48125 0 P 0
L 3.6 1.975 3.6 2.125 0 P 0
L 3.6 2.125 3.6310639 2.1560639 0 P 0
L 3.60625 1.675 3.61875 1.6625 0 P 0
L 3.6125 2.16875 3.79375 2.16875 0 P 0
L 3.61875 1.6625 3.6378823 1.6625 0 P 0
L 3.625 0.80625 6.025 0.80625 0 P 0
L 3.625 1.3875 3.625 1.4125 0 P 0
L 3.625 1.3875 3.65 1.3625 0 P 0
L 3.6310639 2.1560639 3.7998139 2.1560639 0 P 0
L 3.63125 2.1125 3.8625 2.1125 0 P 0
L 3.6375 0.75625 3.6625 0.73125 0 P 0
L 3.6375 1.48125 3.65 1.46875 0 P 0
L 3.6378823 1.6625 3.6753823 1.7 0 P 0
L 3.6481712 1.75625 3.6771993 1.7852781 0 P 0
L 3.65 1.3625 3.74375 1.3625 0 P 0
L 3.65 1.46875 3.69375 1.46875 0 P 0
L 3.65625 1.65 3.68125 1.675 0 P 0
L 3.6625 1.6375 3.675 1.65 0 P 0
L 3.6719232 2.4892667 3.6826565 2.5 0 P 0
L 3.675 1.65 3.83125 1.65 0 P 0
L 3.6753823 1.7 4.4625 1.7 0 P 0
L 3.6771993 1.7852781 3.6771993 1.9646993 0 P 0
L 3.6771993 1.9646993 3.73125 2.01875 0 P 0
L 3.6826565 2.5 4.1021588 2.5 0 P 0
L 3.69375 1.46875 3.7125 1.45 0 P 0
L 3.7125 1.4 3.7125 1.45 0 P 0
L 3.71875 2.36875 4.1125 2.36875 0 P 0
L 3.71875 3.95625 3.7952755 4.0327755 0 P 0
L 3.725 2.9 3.775 2.95 0 P 0
L 3.73125 1.9625 3.7375 1.9625 0 P 0
L 3.73125 2.01875 4.1433677 2.01875 0 P 0
L 3.7375 1.9625 3.7875 1.9125 0 P 0
L 3.74375 1.3625 3.99375 1.6125 0 P 0
L 3.74375 1.925 3.76875 1.9 0 P 0
L 3.7531732 3.5281732 3.7968268 3.5718268 0 P 0
L 3.76875 1.9 4.175 1.9 0 P 0
L 3.775 2.95 4.28125 2.95 0 P 0
L 3.7780768 3.5718268 3.8625 3.65625 0 P 0
L 3.7875 1.9125 4.18125 1.9125 0 P 0
L 3.79375 1.01875 4.1125 1.3375 0 P 0
L 3.79375 2.16875 3.9 2.275 0 P 0
L 3.79375 3.825 3.79375 4 0 P 0
L 3.79375 4 3.8582676 4.0645176 0 P 0
L 3.7952755 4.0327755 3.7952755 4.5648622 0 P 0
L 3.7968268 3.5718268 4.0719232 3.5718268 0 P 0
L 3.7998139 2.1560639 3.85625 2.2125 0 P 0
L 3.8 1.00625 4.11875 1.325 0 P 0
L 3.8125 2.4062499 4.43125 2.40625 0 P 0
L 3.83125 1.65 3.84375 1.6375 0 P 0
L 3.83125 3.20625 3.86875 3.24375 0 P 0
L 3.8375 3.19375 3.88125 3.2375 0 P 0
L 3.84375 1.6375 3.9939732 1.6375 0 P 0
L 3.85625 1.60625 3.875 1.625 0 P 0
L 3.85625 2.2125 4.2125 2.2125 0 P 0
L 3.85625 3.90625 3.85625 3.95625 0 P 0
L 3.85625 3.95625 3.8897637 3.9897637 0 P 0
L 3.8582676 4.0645176 3.8582676 4.5648622 0 P 0
L 3.8625 2.1125 3.9375 2.1875 0 P 0
L 3.8625 3.65625 4.06875 3.65625 0 P 0
L 3.86875 3.24375 3.86875 3.5062499 0 P 0
L 3.86875 3.5062499 3.9125001 3.55 0 P 0
L 3.875 1.625 4.4625 1.625 0 P 0
L 3.88125 3.2375 3.88125 3.4749999 0 P 0
L 3.88125 3.4749999 3.9125001 3.50625 0 P 0
L 3.8897637 3.9897637 3.8897637 4.5648622 0 P 0
L 3.89375 1.875 3.9375 1.83125 0 P 0
L 3.9 2.275 4.15 2.275 0 P 0
L 3.9212598 4.5648622 3.9231299 4.5629921 0 P 0
L 3.9231299 3.9581201 3.9231299 4.5629921 0 P 0
L 3.9231299 3.9581201 3.925 3.95625 0 P 0
L 3.9248158 1.9941912 3.994007 1.925 0 P 0
L 3.9375 1.83125 4.5 1.83125 0 P 0
L 3.9375 2.1875 4 2.1875 0 P 0
L 3.9527558 4.5222442 3.9527558 4.5648622 0 P 0
L 3.9527558 4.5222442 3.975 4.5 0 P 0
L 3.96875 3.925 3.9843268 3.9405768 0 P 0
L 3.975 4.0156482 3.975 4.5 0 P 0
L 3.975 4.0156482 3.9843268 4.0063214 0 P 0
L 3.9843268 3.9405768 3.9843268 4.0063214 0 P 0
L 3.99375 1.6125 4.475 1.6125 0 P 0
L 3.99375 1.6377232 3.9939732 1.6375 0 P 0
L 3.9939732 1.6375 4.3125 1.6375 0 P 0
L 3.994007 1.925 4.1853885 1.925 0 P 0
L 4 2.1875 4.01875 2.16875 0 P 0
L 4.00625 3.95 4.00625 4.2265246 0 P 0
L 4.00625 4.2265246 4.022122 4.2423966 0 P 0
L 4.0157479 4.5177772 4.0157479 4.5648622 0 P 0
L 4.0157479 4.5177772 4.022122 4.5114031 0 P 0
L 4.022122 4.2423966 4.022122 4.5114031 0 P 0
L 4.0625 0.76875 4.1 0.73125 0 P 0
L 4.0625 1.7875 4.2125 1.7875 0 P 0
L 4.06875 3.65625 4.15625 3.56875 0 P 0
L 4.0719232 3.5718268 4.11875 3.525 0 P 0
L 4.1021588 2.5 4.1096391 2.5074803 0 P 0
L 4.1096391 2.5074803 4.1574803 2.5074803 0 P 0
L 4.1125 1.3375 4.21875 1.3375 0 P 0
L 4.1125 2.36875 4.1375 2.34375 0 P 0
L 4.11875 1.325 4.25625 1.325 0 P 0
L 4.11875 3.2375 4.11875 3.525 0 P 0
L 4.11875 3.2375 4.1625 3.19375 0 P 0
L 4.1207641 4.60625 4.1957641 4.53125 1 P 0
L 4.1433677 2.01875 4.1811478 1.9809699 0 P 0
L 4.15 2.275 4.20625 2.33125 0 P 0
L 4.15625 3.2375 4.15625 3.55 0 P 0
L 4.15625 3.2375 4.1875 3.20625 0 P 0
L 4.15625 3.55 4.15625 3.56875 0 P 0
L 4.1625 3.19375 5.05 3.19375 0 P 0
L 4.175 1.9 4.21875 1.85625 0 P 0
L 4.1811478 1.9626022 4.1811478 1.9809699 0 P 0
L 4.1811478 1.9626022 4.2125 1.93125 0 P 0
L 4.18125 1.9125 4.2 1.89375 0 P 0
L 4.1853885 1.925 4.2009653 1.9094232 0 P 0
L 4.1875 3.20625 5.0996177 3.20625 0 P 0
L 4.1957641 4.53125 4.5071849 4.53125 1 P 0
L 4.2 1.89375 4.225 1.89375 0 P 0
L 4.2009653 1.9094232 4.2219232 1.9094232 0 P 0
L 4.20625 2.25 4.2077799 2.25 1 P 0
L 4.20625 2.4625 4.2197835 2.4760335 0 P 0
L 4.2077799 2.25 4.2140299 2.25625 1 P 0
L 4.2140299 2.25625 5.1058112 2.25625 1 P 0
L 4.21875 1.3375 4.2375 1.35625 0 P 0
L 4.21875 1.85625 4.30625 1.85625 0 P 0
L 4.2197835 2.4760335 4.3239665 2.4760335 0 P 0
L 4.2219232 1.9094232 4.33125 2.01875 0 P 0
L 4.225 1.89375 4.3375 2.00625 0 P 0
L 4.25625 1.325 4.26875 1.3375 0 P 0
L 4.30625 1.85625 4.44375 1.99375 0 P 0
L 4.3125 1.6375 4.3375 1.6625 0 P 0
L 4.33125 2.01875 4.825 2.01875 0 P 0
L 4.3375 2.00625 4.83125 2.00625 0 P 0
L 4.3937007 4.4898622 4.3937253 4.4898376 1 P 0
L 4.3937253 3.8437747 4.3937253 4.4898376 1 P 0
L 4.3937253 3.8437747 4.39375 3.84375 1 P 0
L 4.4124636 2.0405768 4.4344232 2.0405768 0 P 0
L 4.4239666 2.4760334 4.45 2.45 0 P 0
L 4.425 3.10625 4.45625 3.075 0 P 0
L 4.43125 2.40625 4.45 2.425 0 P 0
L 4.4344232 2.0405768 4.44375 2.03125 0 P 0
L 4.44375 1.99375 4.75625 1.99375 0 P 0
L 4.44375 2.03125 4.6875 2.03125 0 P 0
L 4.45 2.425 4.45 2.45 0 P 0
L 4.45 3.11875 4.46875 3.1 0 P 0
L 4.45625 3.075 4.49375 3.075 0 P 0
L 4.4619833 3.24375 4.4869833 3.21875 0 P 0
L 4.4625 1.625 4.48125 1.64375 0 P 0
L 4.4625 1.7 4.54375 1.78125 0 P 0
L 4.4625 3.2875 4.4844232 3.2655768 0 P 0
L 4.4625 3.33125 4.4844232 3.3093268 0 P 0
L 4.4625 3.375 4.4844232 3.3530768 0 P 0
L 4.4625 3.41875 4.4843268 3.3969232 0 P 0
L 4.4625 3.4625 4.4974064 3.4625 0 P 0
L 4.4625 3.50625 4.4843268 3.4844232 0 P 0
L 4.4625 3.55 4.4875 3.525 0 P 0
L 4.475 1.6125 4.49375 1.59375 0 P 0
L 4.475 3.13125 4.59375 3.0125 0 P 0
L 4.48125 0.78125 4.53125 0.73125 0 P 0
L 4.4843268 3.3969232 4.5781732 3.3969232 0 P 0
L 4.4843268 3.4844232 4.6281732 3.4844232 0 P 0
L 4.4844232 3.2655768 4.55 3.2655768 0 P 0
L 4.4844232 3.3093268 4.55625 3.3093268 0 P 0
L 4.4844232 3.3530768 4.55625 3.3530768 0 P 0
L 4.4869833 3.21875 4.55625 3.21875 0 P 0
L 4.4875 3.525 4.5388265 3.525 0 P 0
L 4.49375 3.14375 4.59375 3.04375 0 P 0
L 4.4974064 3.4625 4.5193296 3.4405768 0 P 0
L 4.5 1.83125 4.51875 1.85 0 P 0
L 4.5 3.15625 4.58125 3.075 0 P 0
L 4.50625 3.16875 4.56875 3.10625 0 P 0
L 4.5071849 4.53125 4.5196849 4.51875 1 P 0
L 4.5125 3.18125 4.5625 3.13125 0 P 0
L 4.51875 0.95625 4.5375 0.9375 0 P 0
L 4.5193296 3.4405768 4.6030768 3.4405768 0 P 0
L 4.5193897 4.5648622 4.5193897 4.63125 1 P 0
L 4.5193897 4.63125 4.5503199 4.63125 1 P 0
L 4.5196849 4.4309056 4.5196849 4.4898622 1 P 0
L 4.5196849 4.4309056 4.6443405 4.30625 1 P 0
L 4.5196849 4.4898622 4.5196849 4.51875 1 P 0
L 4.5196849 4.4898622 4.5511809 4.4898622 1 P 0
L 4.5375 0.9375 4.71875 0.9375 0 P 0
L 4.54375 1.78125 4.54375 1.86875 0 P 0
L 4.54375 1.86875 4.575 1.9 0 P 0
L 4.54375 2.83125 4.60625 2.89375 1 P 0
L 4.54375 3.71875 4.54375 3.88125 0 P 0
L 4.54375 3.88125 4.6875 4.025 0 P 0
L 4.55 3.2655768 4.5500964 3.2656732 0 P 0
L 4.5500964 3.2656732 4.5590409 3.2656732 0 P 0
L 4.5503199 4.5646105 4.5503199 4.63125 1 P 0
L 4.5503199 4.63125 4.5625 4.63125 1 P 0
L 4.55625 3.21875 4.58125 3.24375 0 P 0
L 4.55625 3.3093268 4.5563464 3.3094232 0 P 0
L 4.55625 3.3530768 4.5563464 3.3531732 0 P 0
L 4.5563464 3.3094232 4.5844232 3.3094232 0 P 0
L 4.5563464 3.3531732 4.5590409 3.3531732 0 P 0
L 4.5590409 3.2656732 4.7433677 3.45 0 P 0
L 4.5590409 3.3531732 4.6808677 3.475 0 P 0
L 4.5611734 3.525 4.5611735 3.525 0 P 0
L 4.5611735 3.525 5.50625 3.525 0 P 0
L 4.5625 3.13125 4.625 3.13125 0 P 0
L 4.5625 4.63125 4.84375 4.35 1 P 0
L 4.56875 3.10625 4.60625 3.10625 0 P 0
L 4.575 1.9 4.75625 1.9 0 P 0
L 4.5781732 3.3969232 4.66875 3.4875 0 P 0
L 4.58125 2.79375 4.65625 2.86875 0 P 0
L 4.58125 3.075 4.6375 3.075 0 P 0
L 4.58125 3.24375 4.58125 3.26875 0 P 0
L 4.58125 3.26875 4.75 3.4375 0 P 0
L 4.5844232 3.3094232 4.7375 3.4625 0 P 0
L 4.59375 3.0125 4.6375 3.0125 0 P 0
L 4.59375 3.04375 4.6375 3.04375 0 P 0
L 4.6030768 3.4405768 4.6625 3.5 0 P 0
L 4.60625 1.0866141 4.8241141 0.86875 0 P 0
L 4.60625 1.1181102 4.8431102 0.88125 0 P 0
L 4.60625 1.1496062 4.8621062 0.89375 0 P 0
L 4.60625 1.1811023 4.8686023 0.91875 0 P 0
L 4.60625 1.2125984 4.8750984 0.94375 0 P 0
L 4.60625 1.2440944 4.8815944 0.96875 0 P 0
L 4.60625 1.2755905 4.8943405 0.9875 0 P 0
L 4.60625 1.559055 4.672195 1.559055 0 P 0
L 4.60625 1.5905511 4.6622539 1.5905511 0 P 0
L 4.60625 1.6220472 4.6529528 1.6220472 0 P 0
L 4.60625 1.6535432 4.6652068 1.7125 0 P 0
L 4.60625 1.6850393 4.6462107 1.725 0 P 0
L 4.60625 1.7165354 4.6272146 1.7375 0 P 0
L 4.60625 1.7480314 4.6082186 1.75 0 P 0
L 4.60625 1.7795275 4.6232775 1.7625 0 P 0
L 4.60625 1.8110235 4.6422735 1.775 0 P 0
L 4.60625 1.8425196 4.6612696 1.7875 0 P 0
L 4.60625 1.8740157 4.6802657 1.8 0 P 0
L 4.60625 2.89375 5.0816888 2.89375 1 P 0
L 4.6082186 1.75 5.8625 1.75 0 P 0
L 4.6232775 1.7625 5.8875 1.7625 0 P 0
L 4.6272146 1.7375 5.85625 1.7375 0 P 0
L 4.6281732 3.4844232 4.65625 3.5125 0 P 0
L 4.6375 1.33125 4.65625 1.35 0 P 0
L 4.6375 1.39375 4.65625 1.4125 0 P 0
L 4.6375 1.45625 4.65625 1.475 0 P 0
L 4.6375 1.51875 4.65625 1.5375 0 P 0
L 4.6422735 1.775 5.75625 1.775 0 P 0
L 4.6443405 4.30625 5.13125 4.30625 1 P 0
L 4.6462107 1.725 5.7 1.725 0 P 0
L 4.6529528 1.6220472 4.875 1.4 0 P 0
L 4.65625 1.35 4.75 1.35 0 P 0
L 4.65625 1.4125 4.725 1.4125 0 P 0
L 4.65625 1.475 4.7 1.475 0 P 0
L 4.65625 1.5375 4.675 1.5375 0 P 0
L 4.65625 2.86875 5.33125 2.86875 0 P 0
L 4.65625 3.5125 5.5625 3.5125 0 P 0
L 4.6612696 1.7875 5.00625 1.7875 0 P 0
L 4.6622539 1.5905511 4.865305 1.3875 0 P 0
L 4.6625 3.5 5.71875 3.5 0 P 0
L 4.6652068 1.7125 5.65625 1.7125 0 P 0
L 4.66875 1.325 4.75625 1.325 0 P 0
L 4.66875 1.3875 4.73125 1.3875 0 P 0
L 4.66875 1.45 4.70625 1.45 0 P 0
L 4.66875 1.5125 4.6830708 1.5125 0 P 0
L 4.66875 3.4875 5.725 3.4875 0 P 0
L 4.672195 1.559055 4.86875 1.3625 0 P 0
L 4.675 1.5375 4.875 1.3375 0 P 0
L 4.6802657 1.8 4.9851628 1.8 0 P 0
L 4.6808677 3.475 5.73125 3.475 0 P 0
L 4.6830708 1.5125 4.8705708 1.325 0 P 0
L 4.6875 2.03125 4.75625 2.1 0 P 0
L 4.6875 4.025 5.175 4.025 0 P 0
L 4.6876968 3.9420492 4.7407716 3.8889744 0 P 0
L 4.7 1.475 4.8625 1.3125 0 P 0
L 4.70625 1.45 4.86875 1.2875 0 P 0
L 4.71875 0.9375 4.8125 0.84375 0 P 0
L 4.725 1.4125 4.875 1.2625 0 P 0
L 4.73125 1.3875 4.7486713 1.3700787 0 P 0
L 4.7375 3.4625 5.7375 3.4625 0 P 0
L 4.7407716 3.6717284 4.7407716 3.8889744 0 P 0
L 4.7407716 3.6717284 4.8625 3.55 0 P 0
L 4.7433677 3.45 5.74375 3.45 0 P 0
L 4.7486713 1.3700787 4.8708579 1.2525 0 P 0
L 4.75 1.35 4.7614174 1.3385826 0 P 0
L 4.75 3.4375 5.75625 3.4375 0 P 0
L 4.75 4.4875 4.75 4.53125 1 P 0
L 4.75 4.4875 4.8531732 4.3843268 1 P 0
L 4.75625 1.325 4.85625 1.225 0 P 0
L 4.75625 1.99375 4.775 1.975 0 P 0
L 4.75625 2.1 4.86875 2.1 0 P 0
L 4.75625 3.35625 4.94375 3.35625 0 P 0
L 4.7614174 1.3385826 4.8646079 1.24 0 P 0
L 4.7653543 2.78125 4.81875 2.8346457 0 P 0
L 4.76875 2.075 4.8625 2.075 0 P 0
L 4.8125 0.84375 5.35625 0.84375 0 P 0
L 4.8241141 0.86875 5.08125 0.86875 0 P 0
L 4.825 2.01875 5.00625 2.2 0 P 0
L 4.83125 2.00625 4.90625 2.08125 0 P 0
L 4.8431102 0.88125 5.04375 0.88125 0 P 0
L 4.84375 4.35 5.2851148 4.35 1 P 0
L 4.8531732 4.3843268 5.04375 4.3843268 1 P 0
L 4.85625 1.225 5.01875 1.225 0 P 0
L 4.8621062 0.89375 5.025 0.89375 0 P 0
L 4.8625 1.3125 5.2625 1.3125 0 P 0
L 4.8625 2.075 5 2.2125 0 P 0
L 4.8625 3.55 5.05 3.55 0 P 0
L 4.8646079 1.24 4.8671079 1.2375 0 P 0
L 4.865305 1.3875 5.3375 1.3875 0 P 0
L 4.8671079 1.2375 5.075 1.2375 0 P 0
L 4.8686023 0.91875 5.0125 0.91875 0 P 0
L 4.86875 1.2875 5.2125 1.2875 0 P 0
L 4.86875 1.3625 5.2875 1.3625 0 P 0
L 4.86875 2.1 4.99375 2.225 0 P 0
L 4.8705708 1.325 5.29375 1.325 0 P 0
L 4.8708579 1.2525 4.8733579 1.25 0 P 0
L 4.8733579 1.25 5.10625 1.25 0 P 0
L 4.875 1.2625 5.1304886 1.2625 0 P 0
L 4.875 1.3375 5.35 1.3375 0 P 0
L 4.875 1.4 5.26875 1.4 0 P 0
L 4.8750984 0.94375 4.98125 0.94375 0 P 0
L 4.88125 2.5441323 4.88125 2.7363531 0 P 0
L 4.88125 2.5441323 4.9034591 2.5219232 0 P 0
L 4.88125 2.7363531 4.8981518 2.7532549 0 P 0
L 4.8815944 0.96875 5.025 0.96875 0 P 0
L 4.8943405 0.9875 5.0707641 0.9875 0 P 0
L 4.8981518 2.7532549 4.9095049 2.7532549 0 P 0
L 4.9 2.025 5.1246177 2.025 0 P 0
L 4.9034591 2.5219232 4.9776945 2.5219232 0 P 0
L 4.90625 2.08125 4.96875 2.08125 0 P 0
L 4.9095049 2.7532549 4.9125 2.75625 0 P 0
L 4.9125 1.05 4.96875 1.05 0 P 0
L 4.9125 1.1 4.975 1.1 0 P 0
L 4.9125 1.1496062 5.072072 1.1496062 0 P 0
L 4.9125 1.2 5 1.2 0 P 0
L 4.9125 2.54375 4.9125 2.5933677 0 P 0
L 4.9125 2.5933677 4.97403 2.6548977 0 P 0
L 4.91875 1.4375 5.04375 1.4375 0 P 0
L 4.91875 1.4875 5.1625 1.4875 0 P 0
L 4.91875 1.5375 5.2625 1.5375 0 P 0
L 4.91875 1.5875 5.425 1.5875 0 P 0
L 4.91875 1.6375 5.44375 1.6375 0 P 0
L 4.91875 1.6875 5.6125 1.6875 0 P 0
L 4.9375 1.025 4.96875 1.025 0 P 0
L 4.9375 1.075 4.9625 1.075 0 P 0
L 4.9375 1.125 4.99375 1.125 0 P 0
L 4.9375 1.175 5.0625 1.175 0 P 0
L 4.9434948 1.4625 5.1125 1.4625 0 P 0
L 4.9434948 1.5125 5.2125 1.5125 0 P 0
L 4.9434948 1.5625 5.4 1.5625 0 P 0
L 4.9434948 1.6625 5.50625 1.6625 0 P 0
L 4.94375 1.6125 5.4284576 1.6125 0 P 0
L 4.94375 2.40625 5.0375 2.40625 0 P 0
L 4.94375 3.35625 4.975 3.3875 0 P 0
L 4.94375 3.81875 4.9875 3.775 0 P 0
L 4.95 1.85 4.9875 1.85 0 P 0
L 4.95 1.9 5.1125 1.9 0 P 0
L 4.95 1.95 5.1 1.95 0 P 0
L 4.95 2 5.11875 2 0 P 0
L 4.95 3.86875 5.51875 3.86875 0 P 0
L 4.9625 1.075 4.98125 1.05625 0 P 0
L 4.96875 1.025 4.98125 1.0125 0 P 0
L 4.96875 1.05 4.98125 1.0375 0 P 0
L 4.96875 2.08125 5.0125 2.0375 0 P 0
L 4.96875 2.43125 5.04375 2.43125 0 P 0
L 4.96875 2.5 5.04375 2.5 0 P 0
L 4.97403 2.6548977 5.0201948 2.6548977 0 P 0
L 4.975 1.1 4.99375 1.08125 0 P 0
L 4.975 1.825 4.99375 1.825 0 P 0
L 4.975 1.875 5.14375 1.875 0 P 0
L 4.975 1.925 5.10625 1.925 0 P 0
L 4.975 1.975 5.1125 1.975 0 P 0
L 4.975 3.3875 5.01875 3.3875 0 P 0
L 4.9776945 2.5219232 4.9808677 2.51875 0 P 0
L 4.9808677 2.51875 5.04375 2.51875 0 P 0
L 4.98125 1.0125 5.05625 1.0125 0 P 0
L 4.98125 1.0375 5.095634 1.0375 0 P 0
L 4.98125 1.05625 5.11875 1.05625 0 P 0
L 4.9851628 1.8 5.0226628 1.8375 0 P 0
L 4.9875 1.85 5 1.8625 0 P 0
L 4.9875 3.775 5.475 3.775 0 P 0
L 4.9908161 3.2466839 4.9908161 3.3654338 0 P 0
L 4.9908161 3.2466839 5.00625 3.23125 0 P 0
L 4.99375 1.125 5.00625 1.1125 0 P 0
L 4.99375 1.825 5.01875 1.85 0 P 0
L 4.99375 2.225 5.15625 2.225 0 P 0
L 4.99375 2.4625 5.00625 2.45 0 P 0
L 5 1.2 5.0125 1.1875 0 P 0
L 5 1.8625 5.1375 1.8625 0 P 0
L 5 2.2125 5.15 2.2125 0 P 0
L 5.00625 1.7875 5.025 1.80625 0 P 0
L 5.00625 2.2 5.14375 2.2 0 P 0
L 5.00625 2.45 5.04375 2.45 0 P 0
L 5.00625 3.23125 5.09375 3.23125 0 P 0
L 5.0111539 2.6013461 5.0111539 2.6330709 0 P 0
L 5.0111539 2.6013461 5.08125 2.53125 0 P 0
L 5.0125 1.1875 5.09375 1.1875 0 P 0
L 5.0125 2.0375 5.13125 2.0375 0 P 0
L 5.01875 1.225 5.03125 1.2125 0 P 0
L 5.01875 1.85 5.13125 1.85 0 P 0
L 5.01875 2.375 5.0203921 2.375 0 P 0
L 5.01875 3.3875 5.0531732 3.3530768 0 P 0
L 5.0201948 2.6548977 5.0349841 2.6401084 0 P 0
L 5.0203921 2.375 5.0891421 2.44375 0 P 0
L 5.0226628 1.8375 5.1 1.8375 0 P 0
L 5.025 0.89375 5.05625 0.925 0 P 0
L 5.025 0.96875 5.03125 0.9625 0 P 0
L 5.03125 0.9625 5.1062499 0.9625 0 P 0
L 5.0349841 2.6400159 5.0349841 2.6401084 0 P 0
L 5.0349841 2.6400159 5.11875 2.55625 0 P 0
L 5.0375 2.40625 5.0875 2.45625 0 P 0
L 5.0375 2.675 5.14375 2.56875 0 P 0
L 5.0406732 2.5405768 5.0406732 2.5406732 0 P 0
L 5.0406732 2.5405768 5.0625 2.51875 0 P 0
L 5.0406732 2.6026945 5.0410555 2.6026945 0 P 0
L 5.0410555 2.6026945 5.1 2.54375 0 P 0
L 5.04375 0.88125 5.05625 0.89375 0 P 0
L 5.04375 1.4375 5.05625 1.425 0 P 0
L 5.04375 2.43125 5.08125 2.46875 0 P 0
L 5.04375 2.45 5.0775 2.48375 0 P 0
L 5.04375 2.5 5.05 2.49375 0 P 0
L 5.04375 2.51875 5.05625 2.50625 0 P 0
L 5.05 2.075 5.11875 2.075 0 P 0
L 5.05 2.49375 5.2875 2.49375 0 P 0
L 5.05 3.19375 5.11875 3.125 0 P 0
L 5.05 3.66875 5.475 3.66875 0 P 0
L 5.0531732 3.3530768 5.3168231 3.3530768 0 P 0
L 5.05625 0.925 5.0875 0.925 0 P 0
L 5.05625 2.50625 5.28125 2.50625 0 P 0
L 5.0625 1.175 5.08125 1.15625 0 P 0
L 5.0625 2.51875 5.275 2.51875 0 P 0
L 5.0707641 0.9875 5.0770141 0.99375 0 P 0
L 5.072072 1.1496062 5.0841782 1.1375 0 P 0
L 5.075 1.2375 5.09375 1.21875 0 P 0
L 5.0770141 0.99375 5.08125 0.99375 0 P 0
L 5.0775 2.48375 5.29625 2.48375 0 P 0
L 5.08125 1.15625 5.11875 1.15625 0 P 0
L 5.08125 2.46875 5.3 2.46875 0 P 0
L 5.08125 2.53125 5.26875 2.53125 0 P 0
L 5.0816888 2.89375 5.2147656 3.0268268 1 P 0
L 5.0841782 1.1375 5.24375 1.1375 0 P 0
L 5.0875 2.45625 5.30625 2.45625 0 P 0
L 5.0891421 2.44375 5.3125 2.44375 0 P 0
L 5.09375 3.23125 5.1375 3.275 0 P 0
L 5.095634 1.0375 5.120634 1.0125 0 P 0
L 5.0996177 3.20625 5.1151945 3.1906732 0 P 0
L 5.1 1.8375 5.1125 1.825 0 P 0
L 5.1 1.95 5.1375 1.9125 0 P 0
L 5.1 2.54375 5.2599902 2.54375 0 P 0
L 5.1058112 2.25625 5.176388 2.3268268 1 P 0
L 5.1062499 0.9625 5.1248088 0.9439411 0 P 0
L 5.10625 1.25 5.11875 1.2375 0 P 0
L 5.10625 1.925 5.13125 1.9 0 P 0
L 5.1125 1.9 5.125 1.8875 0 P 0
L 5.1125 1.975 5.13125 1.95625 0 P 0
L 5.1151945 3.1906732 5.1434159 3.1906732 0 P 0
L 5.11875 1.05625 5.13125 1.04375 0 P 0
L 5.11875 1.15625 5.13125 1.16875 0 P 0
L 5.11875 2 5.18125 1.9375 0 P 0
L 5.11875 2.075 5.1594232 2.1156732 0 P 0
L 5.11875 2.55625 5.25 2.55625 0 P 0
L 5.11875 3.125 5.2 3.125 0 P 0
L 5.120634 1.0125 5.20625 1.0125 0 P 0
L 5.1246177 2.025 5.2030768 1.9465409 0 P 0
L 5.125 1.8875 5.15 1.8875 0 P 0
L 5.1304886 1.2625 5.1320114 1.2640228 0 P 0
L 5.13125 1.16875 5.20625 1.16875 0 P 0
L 5.13125 1.85 5.16875 1.8125 0 P 0
L 5.13125 1.9 5.15625 1.9 0 P 0
L 5.13125 2.0375 5.2125 1.95625 0 P 0
L 5.1375 1.8625 5.175 1.825 0 P 0
L 5.1375 1.9125 5.1625 1.9125 0 P 0
L 5.1375 3.275 5.29375 3.275 0 P 0
L 5.1434159 3.1906732 5.1745695 3.2218268 0 P 0
L 5.14375 1.875 5.18125 1.8375 0 P 0
L 5.14375 2.2 5.20625 2.1375 0 P 0
L 5.14375 2.56875 5.24375 2.56875 0 P 0
L 5.15 1.8875 5.1875 1.85 0 P 0
L 5.15 2.2125 5.1625 2.2 0 P 0
L 5.15625 1.9 5.19375 1.8625 0 P 0
L 5.15625 2.225 5.16875 2.2125 0 P 0
L 5.1594232 2.1156732 5.2087954 2.1156732 0 P 0
L 5.1625 1.9125 5.2 1.875 0 P 0
L 5.1625 2.2 5.6642696 2.2 0 P 0
L 5.16875 1.8125 5.83125 1.8125 0 P 0
L 5.16875 2.2125 5.65625 2.2125 0 P 0
L 5.1745695 3.2218268 5.2406732 3.2218268 0 P 0
L 5.175 1.825 5.95 1.825 0 P 0
L 5.175 4.025 5.24375 4.09375 0 P 0
L 5.176388 2.3268268 5.2785453 2.3268268 1 P 0
L 5.18125 1.8375 5.9125 1.8375 0 P 0
L 5.1875 1.85 5.90625 1.85 0 P 0
L 5.19375 1.8625 5.8625 1.8625 0 P 0
L 5.2 1.875 5.85625 1.875 0 P 0
L 5.2 3.125 5.2625 3.1875 0 P 0
L 5.2030768 1.9156732 5.2030768 1.9465409 0 P 0
L 5.2030768 1.9156732 5.225 1.89375 0 P 0
L 5.20625 2.1375 5.34375 2.1375 0 P 0
L 5.2087954 2.1156732 5.2119686 2.1125 0 P 0
L 5.2119686 2.1125 5.2625 2.1125 0 P 0
L 5.2125 1.5125 5.225 1.5 0 P 0
L 5.2125 1.95625 5.3 1.95625 0 P 0
L 5.2147656 3.0268268 5.5580768 3.0268268 1 P 0
L 5.225 1.89375 5.24375 1.89375 0 P 0
L 5.2406732 3.2218268 5.2625 3.2 0 P 0
L 5.24375 1.89375 5.25625 1.90625 0 P 0
L 5.24375 2.56875 5.26625 2.59125 0 P 0
L 5.24375 4.09375 5.24375 4.275 0 P 0
L 5.24375 4.275 5.33125 4.3625 0 P 0
L 5.25 2.55625 5.275 2.58125 0 P 0
L 5.2599902 2.54375 5.2849902 2.56875 0 P 0
L 5.2625 1.3125 5.275 1.3 0 P 0
L 5.2625 1.5375 5.3 1.5 0 P 0
L 5.2625 2.1125 5.3312501 2.0437499 0 P 0
L 5.2625 3.1875 6.475 3.1875 0 P 0
L 5.2625 3.2 6.65 3.2 0 P 0
L 5.26625 2.59125 5.33125 2.59125 0 P 0
L 5.26875 1.4 5.28125 1.4125 0 P 0
L 5.26875 2.53125 5.29375 2.55625 0 P 0
L 5.275 2.51875 5.3 2.54375 0 P 0
L 5.275 2.58125 5.33125 2.58125 0 P 0
L 5.2785453 2.3268268 5.3491221 2.25625 1 P 0
L 5.28125 1.4125 5.375 1.4125 0 P 0
L 5.28125 2.50625 5.30625 2.53125 0 P 0
L 5.28125 4.10625 5.28125 4.25625 0 P 0
L 5.28125 4.25625 5.30625 4.28125 0 P 0
L 5.2849902 2.56875 5.33125 2.56875 0 P 0
L 5.2851148 4.35 5.3188648 4.38375 1 P 0
L 5.2875 2.49375 5.3125 2.51875 0 P 0
L 5.29375 1.325 5.30625 1.3125 0 P 0
L 5.29375 2.55625 5.33125 2.55625 0 P 0
L 5.29375 3.275 5.30625 3.2625 0 P 0
L 5.29625 2.48375 5.31875 2.50625 0 P 0
L 5.3 1.95625 5.33125 1.925 0 P 0
L 5.3 2.46875 5.3270177 2.4957677 0 P 0
L 5.3 2.54375 5.33125 2.54375 0 P 0
L 5.3031732 4.0530768 5.3031732 4.1261981 0 P 0
L 5.3031732 4.0530768 5.33125 4.025 0 P 0
L 5.3031732 4.1261981 5.325 4.1480249 0 P 0
L 5.30625 2.45625 5.33125 2.48125 0 P 0
L 5.30625 2.53125 5.33125 2.53125 0 P 0
L 5.3125 2.44375 5.3181634 2.4494134 0 P 0
L 5.3125 2.51875 5.33125 2.51875 0 P 0
L 5.3168231 3.3530768 5.3323999 3.3375 0 P 0
L 5.3181634 2.4494134 5.33125 2.4494134 0 P 0
L 5.31875 2.50625 5.33125 2.50625 0 P 0
L 5.3188648 4.38375 5.3784351 4.38375 1 P 0
L 5.325 4.10625 5.3625 4.14375 0 P 0
L 5.325 4.1480249 5.325 4.18125 0 P 0
L 5.3270177 2.4957677 5.33125 2.4957677 0 P 0
L 5.33125 2.4494134 5.5309095 2.4494134 2 P 0
L 5.33125 2.48125 5.4972934 2.48125 2 P 0
L 5.33125 2.4957677 5.5142717 2.4957677 2 P 0
L 5.33125 2.50625 5.4932579 2.50625 2 P 0
L 5.33125 2.51875 5.4125 2.51875 2 P 0
L 5.33125 2.53125 5.4 2.53125 2 P 0
L 5.33125 2.54375 5.38125 2.54375 2 P 0
L 5.33125 2.55625 5.38125 2.55625 2 P 0
L 5.33125 2.56875 5.375 2.56875 2 P 0
L 5.33125 2.58125 5.35625 2.58125 2 P 0
L 5.33125 2.59125 5.335 2.59125 2 P 0
L 5.33125 2.86875 5.4567925 2.86875 2 P 0
L 5.33125 4.025 5.4125 4.025 0 P 0
L 5.33125 4.3625 5.44375 4.3625 0 P 0
L 5.3312501 2.0437499 6.6312499 2.0437499 0 P 0
L 5.3323999 3.3375 5.54375 3.3375 0 P 0
L 5.335 2.59125 5.44375 2.7 2 P 0
L 5.34375 2.1375 5.425 2.05625 0 P 0
L 5.3491221 2.25625 6.0875 2.25625 1 P 0
L 5.35625 0.84375 5.425 0.9125 0 P 0
L 5.35625 2.58125 5.44375 2.66875 2 P 0
L 5.3625 3.28125 5.4308112 3.28125 1 P 0
L 5.3625 4.14375 5.3625 4.23125 0 P 0
L 5.3625 4.23125 5.38125 4.25 0 P 0
L 5.36875 4.33125 5.38125 4.31875 0 P 0
L 5.375 1.4125 5.3875 1.4 0 P 0
L 5.375 2.56875 5.4375 2.63125 2 P 0
L 5.3784351 4.38375 5.6259351 4.63125 1 P 0
L 5.38125 2.54375 5.44375 2.60625 2 P 0
L 5.38125 2.55625 5.44375 2.61875 2 P 0
L 5.38125 4.25 5.38125 4.31875 0 P 0
L 5.3875 4.11875 5.3875 4.18125 0 P 0
L 5.3875 4.21875 5.4 4.23125 0 P 0
L 5.4 1.5625 5.4125 1.55 0 P 0
L 5.4 2.53125 5.44375 2.575 2 P 0
L 5.4 4.23125 5.4 4.33125 0 P 0
L 5.4125 2.51875 5.4358721 2.5421221 2 P 0
L 5.41875 4.0503823 5.41875 4.25 0 P 0
L 5.41875 4.0503823 5.45 4.0191323 0 P 0
L 5.41875 4.25 5.45 4.28125 0 P 0
L 5.425 0.9125 5.725 0.9125 0 P 0
L 5.425 1.5875 5.45 1.5625 0 P 0
L 5.425 2.05625 6.20625 2.05625 0 P 0
L 5.4284576 1.6125 5.4472076 1.59375 0 P 0
L 5.4308112 3.28125 5.457638 3.3080768 1 P 0
L 5.4358721 2.5421221 5.497634 2.5421221 2 P 0
L 5.4375 2.63125 5.61875 2.63125 2 P 0
L 5.44375 1.6375 5.45625 1.625 0 P 0
L 5.44375 2.575 5.4990158 2.575 2 P 0
L 5.44375 2.60625 5.675 2.60625 2 P 0
L 5.44375 2.61875 5.64825 2.61875 2 P 0
L 5.44375 2.66875 5.58125 2.66875 2 P 0
L 5.44375 2.7 5.55625 2.7 2 P 0
L 5.44375 4.3625 5.45625 4.35 0 P 0
L 5.4472076 1.59375 5.59375 1.59375 0 P 0
L 5.45 1.5625 5.48125 1.5625 0 P 0
L 5.45 3.99375 5.45 4.0191323 0 P 0
L 5.4567925 2.86875 5.4880425 2.9 2 P 0
L 5.457638 3.3080768 5.5887412 3.3080768 1 P 0
L 5.4625 1.2375 5.4648145 1.2375 0 P 0
L 5.4648145 1.2375 5.4741413 1.2281732 0 P 0
L 5.4741413 1.2281732 5.5093268 1.2281732 0 P 0
L 5.475 3.66875 5.6 3.79375 0 P 0
L 5.475 3.775 5.58125 3.88125 0 P 0
L 5.48125 3.98125 5.51875 4.01875 0 P 0
L 5.48125 4.325 5.48125 4.39375 0 P 0
L 5.48125 4.325 5.51875 4.2875 0 P 0
L 5.4880425 2.9 5.7924694 2.9 2 P 0
L 5.4932579 2.50625 5.5142717 2.5272638 2 P 0
L 5.49375 1.175 5.51875 1.175 0 P 0
L 5.49375 1.20625 5.5125 1.20625 0 P 0
L 5.49375 1.25 5.5055768 1.2381732 0 P 0
L 5.4972934 2.48125 5.5142717 2.4642717 2 P 0
L 5.497634 2.5421221 5.5142717 2.5587598 2 P 0
L 5.4990158 2.575 5.5142717 2.5902559 2 P 0
L 5.5055768 1.2381732 5.5180768 1.2381732 0 P 0
L 5.50625 0.875 6.43125 0.875 0 P 0
L 5.50625 1.6625 5.53125 1.6375 0 P 0
L 5.50625 3.525 5.75 3.76875 0 P 0
L 5.5093268 1.2281732 5.5625 1.175 0 P 0
L 5.5125 1.20625 5.55625 1.1625 0 P 0
L 5.5125 3.975 5.53125 3.99375 0 P 0
L 5.5125 4.33125 5.53125 4.3125 0 P 0
L 5.5180768 1.2381732 5.56875 1.1875 0 P 0
L 5.51875 1.175 5.55625 1.1375 0 P 0
L 5.51875 3.86875 5.58125 3.93125 0 P 0
L 5.51875 4.01875 5.51875 4.2875 0 P 0
L 5.5309095 2.4494134 5.5457678 2.4642717 2 P 0
L 5.53125 3.99375 5.53125 4.3125 0 P 0
L 5.5375 0.79375 5.55 0.78125 0 P 0
L 5.54375 4.15625 5.54375 4.4232916 0 P 0
L 5.54375 4.15625 5.59375 4.10625 0 P 0
L 5.54375 4.4232916 5.575 4.4545416 0 P 0
L 5.5556163 4.1631337 5.5556163 4.420577 0 P 0
L 5.5556163 4.1631337 5.6375 4.08125 0 P 0
L 5.5556163 4.420577 5.5875 4.4524607 0 P 0
L 5.55625 1.1375 5.85625 1.1375 0 P 0
L 5.55625 1.1625 5.93125 1.1625 0 P 0
L 5.55625 2.7 5.5625 2.70625 2 P 0
L 5.5580768 3.0268268 5.69375 3.1625 1 P 0
L 5.5624055 2.7625945 5.5624055 2.79587 2 P 0
L 5.5624055 2.7625945 5.5625 2.7625 2 P 0
L 5.5624055 2.79587 5.5772638 2.8107283 2 P 0
L 5.5625 1.175 5.99375 1.175 0 P 0
L 5.5625 2.70625 5.5625 2.7625 2 P 0
L 5.5625 3.5125 5.6 3.55 0 P 0
L 5.56875 1.1875 6.06875 1.1875 0 P 0
L 5.56875 4.16875 5.56875 4.4125 0 P 0
L 5.56875 4.16875 5.6625 4.075 0 P 0
L 5.56875 4.4125 5.6 4.44375 0 P 0
L 5.575 4.4545416 5.575 4.5312008 0 P 0
L 5.575 4.5312008 5.6062992 4.5625 0 P 0
L 5.58125 2.66875 5.59375 2.68125 2 P 0
L 5.5875 4.4524607 5.5875 4.5122047 0 P 0
L 5.5875 4.5122047 5.6377953 4.5625 0 P 0
L 5.5887412 3.3080768 5.6088376 3.3281732 1 P 0
L 5.59375 2.68125 5.59375 2.7957184 2 P 0
L 5.59375 2.7957184 5.6087599 2.8107283 2 P 0
L 5.59375 4.08125 5.59375 4.10625 0 P 0
L 5.6 3.79375 5.65 3.79375 0 P 0
L 5.6 4.44375 5.6 4.4932086 0 P 0
L 5.6 4.4932086 5.6692914 4.5625 0 P 0
L 5.60625 4.01875 5.60625 4.04375 0 P 0
L 5.60625 4.01875 5.63125 3.99375 0 P 0
L 5.60625 4.21875 5.6062746 4.2187746 0 P 0
L 5.6062746 4.2187746 5.6062746 4.4124754 0 P 0
L 5.6062746 4.4124754 5.6062992 4.4125 0 P 0
L 5.6088376 3.3281732 5.7125 3.3281732 1 P 0
L 5.6125 1.6875 5.63125 1.66875 0 P 0
L 5.61875 2.63125 5.625 2.6375 2 P 0
L 5.625 2.6375 5.625 2.7954723 2 P 0
L 5.625 2.7954723 5.640256 2.8107283 2 P 0
L 5.6259351 4.63125 6.1371177 4.63125 1 P 0
L 5.63125 3.99375 5.65625 3.99375 0 P 0
L 5.6375 1.06875 5.83125 1.06875 0 P 0
L 5.6375 4.05625 5.6375 4.08125 0 P 0
L 5.6377953 4.1184547 5.6377953 4.4125 0 P 0
L 5.6377953 4.1184547 5.675 4.08125 0 P 0
L 5.64375 4.01875 5.6625 4.0375 0 P 0
L 5.64825 2.61875 5.65625 2.62675 2 P 0
L 5.65625 1.7125 5.675 1.69375 0 P 0
L 5.65625 2.2125 5.66875 2.225 0 P 0
L 5.65625 2.62675 5.65625 2.7952263 2 P 0
L 5.65625 2.7952263 5.671752 2.8107283 2 P 0
L 5.65625 3.99375 5.675 4.0125 0 P 0
L 5.6625 4.0375 5.6625 4.075 0 P 0
L 5.6642696 2.2 5.6767696 2.2125 0 P 0
L 5.66875 2.225 6.0941323 2.225 0 P 0
L 5.675 2.60625 5.6875 2.61875 2 P 0
L 5.675 4.0125 5.675 4.08125 0 P 0
L 5.6767696 2.2125 6.13125 2.2125 0 P 0
L 5.6875 2.61875 5.6875 2.7634842 2 P 0
L 5.6875 2.7634842 5.7347441 2.8107283 2 P 0
L 5.69375 3.1625 6.4378864 3.1625 1 P 0
L 5.7 1.725 5.7125 1.7125 0 P 0
L 5.7125 1.38125 5.7125 1.56875 0 P 0
L 5.7125 1.38125 5.7625 1.33125 0 P 0
L 5.7125 1.56875 5.825 1.68125 0 P 0
L 5.7125 3.3281732 5.9655768 3.3281732 1 P 0
L 5.71875 3.5 5.825 3.60625 0 P 0
L 5.71875 4.19375 5.71875 4.34375 0 P 0
L 5.725 0.9125 5.74375 0.93125 0 P 0
L 5.725 3.4875 5.81875 3.58125 0 P 0
L 5.73125 3.475 5.825 3.56875 0 P 0
L 5.7322835 4.5427165 5.7322835 4.5625 0 P 0
L 5.7322835 4.5427165 5.75625 4.51875 0 P 0
L 5.7347441 2.8422243 5.7496024 2.827366 2 P 0
L 5.7375 1.3785148 5.7375 1.40625 0 P 0
L 5.7375 1.3785148 5.7503416 1.3656732 0 P 0
L 5.7375 1.40625 5.7625 1.43125 0 P 0
L 5.7375 3.4625 5.83125 3.55625 0 P 0
L 5.7375 4.1625 5.7375 4.1667359 0 P 0
L 5.7375 4.1667359 5.74375 4.1729859 0 P 0
L 5.74375 3.45 5.8375 3.54375 0 P 0
L 5.74375 4.1729859 5.74375 4.23125 0 P 0
L 5.74375 4.23125 5.78125 4.26875 0 P 0
L 5.74375 4.3625 5.75625 4.375 0 P 0
L 5.7496024 2.827366 6.04375 2.827366 2 P 0
L 5.75 3.76875 5.81875 3.76875 0 P 0
L 5.7503416 1.3656732 5.7969232 1.3656732 0 P 0
L 5.75625 1.775 5.76875 1.7875 0 P 0
L 5.75625 3.4375 5.775 3.41875 0 P 0
L 5.75625 4.175 5.75625 4.225 0 P 0
L 5.75625 4.175 5.76875 4.1625 0 P 0
L 5.75625 4.225 5.79375 4.2625 0 P 0
L 5.75625 4.375 5.75625 4.51875 0 P 0
L 5.7625 1.3875 5.8031732 1.4281732 0 P 0
L 5.7637795 4.5375 5.7637795 4.5625 0 P 0
L 5.7637795 4.5375 5.76875 4.5325295 0 P 0
L 5.76875 4.08125 5.76875 4.1625 0 P 0
L 5.76875 4.08125 5.81875 4.03125 0 P 0
L 5.76875 4.34375 5.76875 4.5325295 0 P 0
L 5.76875 4.34375 5.78125 4.33125 0 P 0
L 5.775 3.41875 5.84375 3.41875 0 P 0
L 5.78125 4.26875 5.78125 4.33125 0 P 0
L 5.78125 4.35 5.78125 4.5484744 0 P 0
L 5.78125 4.35 5.79375 4.3375 0 P 0
L 5.78125 4.5484744 5.7952756 4.5625 0 P 0
L 5.7924694 2.9 5.814374 2.8780954 2 P 0
L 5.79375 4.20625 5.81875 4.23125 0 P 0
L 5.79375 4.2625 5.79375 4.3375 0 P 0
L 5.7969232 1.3656732 5.84375 1.4125 0 P 0
L 5.8031732 1.4281732 5.8031732 1.5969232 0 P 0
L 5.8031732 1.5969232 5.875 1.66875 0 P 0
L 5.814374 2.8570826 5.814374 2.8780954 2 P 0
L 5.814374 2.8570826 5.8292323 2.8422243 2 P 0
L 5.81875 3.58125 5.93125 3.58125 0 P 0
L 5.81875 4.23125 5.81875 4.3625 0 P 0
L 5.825 1.35625 5.93125 1.35625 0 P 0
L 5.825 1.5125 5.84375 1.53125 0 P 0
L 5.825 1.54375 5.9625 1.54375 0 P 0
L 5.825 1.68125 6.03125 1.68125 0 P 0
L 5.825 3.56875 5.9375 3.56875 0 P 0
L 5.825 3.60625 5.90625 3.60625 0 P 0
L 5.8267717 4.3896638 5.8267717 4.4125 0 P 0
L 5.8267717 4.3896638 5.84375 4.3726855 0 P 0
L 5.83125 1.06875 5.875 1.1125 0 P 0
L 5.83125 1.8125 5.84375 1.8 0 P 0
L 5.83125 3.55625 5.95625 3.55625 0 P 0
L 5.83125 4.20625 5.83125 4.2875482 0 P 0
L 5.83125 4.2875482 5.84375 4.3000482 0 P 0
L 5.8375 3.54375 5.98125 3.54375 0 P 0
L 5.84375 1.4125 5.8691323 1.4125 0 P 0
L 5.84375 1.53125 5.96875 1.53125 0 P 0
L 5.84375 3.41875 5.88125 3.45625 0 P 0
L 5.84375 4.3000482 5.84375 4.3726855 0 P 0
L 5.85625 1.7375 5.86875 1.725 0 P 0
L 5.85625 1.875 5.90625 1.925 0 P 0
L 5.8582677 3.9604858 5.8582677 4.4125 0 P 0
L 5.8582677 3.9604858 5.86875 3.9500035 0 P 0
L 5.8582677 4.4604823 5.8582677 4.5625 0 P 0
L 5.8582677 4.4604823 5.88125 4.4375 0 P 0
L 5.8607283 2.8737204 5.8755866 2.8588621 2 P 0
L 5.8625 1.75 5.875 1.7375 0 P 0
L 5.8625 1.8625 5.875 1.875 0 P 0
L 5.86875 1.725 5.9625 1.725 0 P 0
L 5.86875 3.95 5.86875 3.9500035 0 P 0
L 5.8691323 1.4125 5.9066323 1.45 0 P 0
L 5.875 1.1125 6.70625 1.1125 0 P 0
L 5.875 1.66875 6.0406732 1.66875 0 P 0
L 5.875 1.7375 5.90625 1.7375 0 P 0
L 5.875 1.875 5.9 1.875 0 P 0
L 5.875 4.14375 5.875 4.3875 0 P 0
L 5.875 4.14375 5.89375 4.125 0 P 0
L 5.875 4.3875 5.88125 4.39375 0 P 0
L 5.8755866 2.8588621 6.04375 2.8588621 2 P 0
L 5.88125 3.45625 5.88125 3.51875 0 P 0
L 5.88125 4.39375 5.88125 4.4375 0 P 0
L 5.8922244 2.4957677 5.9070827 2.4809094 2 P 0
L 5.8922244 2.7162401 5.9072343 2.73125 2 P 0
L 5.90625 1.7375 5.9125 1.74375 0 P 0
L 5.90625 1.85 5.925 1.86875 0 P 0
L 5.9066323 1.45 6.1871177 1.45 0 P 0
L 5.9070827 2.4809094 6.04375 2.4809094 2 P 0
L 5.9072343 2.73125 6.025 2.73125 2 P 0
L 5.9125 1.74375 5.98125 1.74375 0 P 0
L 5.9125 1.8375 5.93125 1.85625 0 P 0
L 5.9125 4.35625 5.9125 4.5511584 0 P 0
L 5.9125 4.5511584 5.9212599 4.5599183 0 P 0
L 5.91875 3.6375 5.91875 3.6875 0 P 0
L 5.91875 3.6375 5.9375 3.61875 0 P 0
L 5.91875 3.6875 5.95625 3.725 0 P 0
L 5.9212599 4.5599183 5.9212599 4.5625 0 P 0
L 5.9237205 2.4957677 5.96875 2.5407972 2 P 0
L 5.9237205 2.5272638 5.95625 2.5597933 2 P 0
L 5.9237205 2.5587598 5.94375 2.5787893 2 P 0
L 5.9237205 2.5902559 6.04375 2.7102854 2 P 0
L 5.9237205 2.7162401 6.0287401 2.7162401 2 P 0
L 5.925 1.86875 5.98125 1.86875 0 P 0
L 5.9309291 4.4630489 5.9309291 4.5406732 0 P 0
L 5.9309291 4.4630489 5.9375 4.456478 0 P 0
L 5.9309291 4.5406732 5.9777559 4.5875 0 P 0
L 5.93125 1.1625 5.95625 1.1375 0 P 0
L 5.93125 1.35625 5.94375 1.34375 0 P 0
L 5.93125 1.85625 5.9597136 1.85625 0 P 0
L 5.93125 3.58125 5.98125 3.63125 0 P 0
L 5.9375 3.56875 5.9625 3.59375 0 P 0
L 5.9375 4.40625 5.9375 4.456478 0 P 0
L 5.94375 2.5787893 5.94375 2.59375 2 P 0
L 5.94375 2.59375 6.04375 2.69375 2 P 0
L 5.95625 2.5597933 5.95625 2.5875 2 P 0
L 5.95625 2.5875 6.04375 2.675 2 P 0
L 5.95625 3.55625 5.96875 3.56875 0 P 0
L 5.95625 3.65 5.95625 3.70625 0 P 0
L 5.95625 3.70625 5.96875 3.71875 0 P 0
L 5.95625 3.725 5.95625 4.38125 0 P 0
L 5.9597136 1.85625 5.98125 1.8347136 0 P 0
L 5.9625 1.54375 6.13125 1.7125 0 P 0
L 5.9625 1.725 5.99375 1.69375 0 P 0
L 5.9625 3.59375 6 3.59375 0 P 0
L 5.9655768 3.3281732 6.03125 3.2625 1 P 0
L 5.96875 1.53125 6.1375 1.7 0 P 0
L 5.96875 2.5407972 5.96875 2.58125 2 P 0
L 5.96875 2.58125 6.04375 2.65625 2 P 0
L 5.96875 3.71875 5.96875 4.3624622 0 P 0
L 5.96875 4.3624622 5.9940945 4.3878067 0 P 0
L 5.9777559 4.5875 6.13125 4.5875 0 P 0
L 5.98125 1.78125 5.98125 1.8347136 0 P 0
L 5.98125 1.78125 6.00625 1.75625 0 P 0
L 5.98125 1.86875 6.00625 1.84375 0 P 0
L 5.98125 3.54375 6.04375 3.60625 0 P 0
L 5.98125 3.63125 5.98125 4.3440945 0 P 0
L 5.98125 4.3440945 6.0059055 4.36875 0 P 0
L 5.984252 4.478248 5.984252 4.5625 0 P 0
L 5.984252 4.478248 6.0625 4.4 0 P 0
L 5.99375 1.175 6.03125 1.1375 0 P 0
L 5.99375 1.69375 6.0125 1.69375 0 P 0
L 5.99375 3.64375 5.99375 4.3250984 0 P 0
L 5.99375 3.64375 6.01875 3.61875 0 P 0
L 5.99375 4.3250984 6.0374016 4.36875 0 P 0
L 5.9940945 4.3878067 5.9940945 4.40625 0 P 0
L 6.00625 1.71875 6.00625 1.75625 0 P 0
L 6.00625 1.79375 6.00625 1.84375 0 P 0
L 6.00625 3.6625 6.00625 4.3065945 0 P 0
L 6.00625 3.6625 6.04375 3.625 0 P 0
L 6.00625 4.3065945 6.0625 4.3628445 0 P 0
L 6.0125 1.64375 6.0375 1.64375 0 P 0
L 6.0125 1.69375 6.04375 1.725 0 P 0
L 6.015748 4.465502 6.015748 4.5625 0 P 0
L 6.015748 4.465502 6.075 4.40625 0 P 0
L 6.01875 3.7187501 6.01875 4.3 0 P 0
L 6.01875 3.7187501 6.03125 3.7062501 0 P 0
L 6.01875 4.3 6.075 4.35625 0 P 0
L 6.025 0.80625 6.040625 0.821875 0 P 0
L 6.025 2.73125 6.04375 2.75 2 P 0
L 6.0287401 2.7162401 6.04375 2.73125 2 P 0
L 6.03125 1.68125 6.225 1.875 0 P 0
L 6.03125 3.2625 6.6625 3.2625 1 P 0
L 6.03125 3.6715409 6.03125 3.7062501 0 P 0
L 6.03125 3.7625 6.03125 4.2962598 0 P 0
L 6.03125 3.7625 6.05625 3.7375 0 P 0
L 6.03125 4.2962598 6.0875 4.3525098 0 P 0
L 6.0375 1.64375 6.24375 1.85 0 P 0
L 6.040625 0.821875 6.0597573 0.821875 0 P 0
L 6.0406732 1.66875 6.2344232 1.8625 0 P 0
L 6.04375 2.4809094 6.5809094 2.4809094 0 P 0
L 6.04375 2.65625 6.15625 2.76875 0 P 0
L 6.04375 2.675 6.15 2.78125 0 P 0
L 6.04375 2.69375 6.14375 2.79375 0 P 0
L 6.04375 2.7102854 6.1397146 2.80625 0 P 0
L 6.04375 2.73125 6.14375 2.83125 0 P 0
L 6.04375 2.75 6.15 2.85625 0 P 0
L 6.04375 2.827366 6.089866 2.827366 0 P 0
L 6.04375 2.8588621 6.1026121 2.8588621 0 P 0
L 6.04375 3.60625 6.04375 3.625 0 P 0
L 6.04375 3.8 6.04375 4.2900098 0 P 0
L 6.04375 3.8 6.075 3.76875 0 P 0
L 6.04375 4.2900098 6.1 4.3462598 0 P 0
L 6.0472441 4.4527559 6.0472441 4.5625 0 P 0
L 6.0472441 4.4527559 6.0875 4.4125 0 P 0
L 6.0597573 0.821875 6.0722091 0.8343268 0 P 0
L 6.0625 4.3628445 6.0625 4.4 0 P 0
L 6.06875 1.1875 6.11875 1.1375 0 P 0
L 6.0722091 0.8343268 6.4906732 0.8343268 0 P 0
L 6.075 4.35625 6.075 4.40625 0 P 0
L 6.0787402 4.5462598 6.0787402 4.5625 0 P 0
L 6.0787402 4.5462598 6.1102362 4.5147638 0 P 0
L 6.0875 2.25625 6.2580768 2.4268268 1 P 0
L 6.0875 4.3525098 6.0875 4.4125 0 P 0
L 6.089866 2.827366 6.14375 2.88125 0 P 0
L 6.0941323 2.225 6.2566323 2.3875 0 P 0
L 6.0969232 1.6125 6.2 1.6125 0 P 0
L 6.1 4.3462598 6.1 4.425 0 P 0
L 6.1 4.425 6.1102362 4.4352362 0 P 0
L 6.1026121 2.8588621 6.1375 2.89375 0 P 0
L 6.1102362 4.4352362 6.1102362 4.5147638 0 P 0
L 6.13125 1.7125 6.5625001 1.7125 0 P 0
L 6.13125 2.2125 6.20625 2.2875 0 P 0
L 6.13125 4.5875 6.2 4.51875 0 P 0
L 6.1371177 4.63125 6.205296 4.5630717 1 P 0
L 6.1375 1.7 6.55625 1.7 0 P 0
L 6.1375 2.89375 6.78125 2.89375 0 P 0
L 6.1397146 2.80625 6.26875 2.80625 0 P 0
L 6.14375 1.35 6.15625 1.3375 0 P 0
L 6.14375 2.79375 6.24375 2.79375 0 P 0
L 6.14375 2.83125 6.5875 2.83125 0 P 0
L 6.14375 2.88125 6.7875 2.88125 0 P 0
L 6.15 2.78125 6.2375 2.78125 0 P 0
L 6.15 2.85625 6.4875 2.85625 0 P 0
L 6.15625 1.3375 6.375 1.3375 0 P 0
L 6.15625 2.76875 6.23125 2.76875 0 P 0
L 6.1871177 1.45 6.2933677 1.55625 0 P 0
L 6.2 1.6125 6.24375 1.56875 0 P 0
L 6.2 4.36875 6.2 4.51875 0 P 0
L 6.205296 4.5630716 6.205296 4.5630717 1 P 0
L 6.205296 4.5630716 6.2279338 4.5404338 1 P 0
L 6.20625 2.05625 6.23125 2.08125 0 P 0
L 6.20625 2.2875 6.38125 2.2875 0 P 0
L 6.225 1.875 6.3125 1.875 0 P 0
L 6.23125 2.76875 6.24375 2.75625 0 P 0
L 6.2344232 1.8625 6.43125 1.8625 0 P 0
L 6.2375 2.78125 6.25 2.76875 0 P 0
L 6.24375 1.56875 6.5871177 1.56875 0 P 0
L 6.24375 1.85 6.63125 1.85 0 P 0
L 6.24375 2.75625 6.31875 2.75625 0 P 0
L 6.24375 2.79375 6.25625 2.78125 0 P 0
L 6.25 2.76875 6.3 2.76875 0 P 0
L 6.25625 2.78125 6.28125 2.78125 0 P 0
L 6.2566323 2.3875 6.4375 2.3875 0 P 0
L 6.2580768 2.4268268 6.5914844 2.4268268 1 P 0
L 6.28125 2.78125 6.30625 2.80625 0 P 0
L 6.2933677 1.55625 6.525 1.55625 0 P 0
L 6.3 2.76875 6.3375 2.80625 0 P 0
L 6.3125 1.875 6.325 1.8875 0 P 0
L 6.31875 2.75625 6.36875 2.80625 0 P 0
L 6.34375 1.3625 6.3437501 1.3625 3 P 0
L 6.3437501 1.3625 6.4000001 1.41875 3 P 0
L 6.375 1.3375 6.4 1.3625 0 P 0
L 6.3754429 1.48125 6.3941929 1.5 3 P 0
L 6.38125 2.2875 6.41875 2.325 0 P 0
L 6.3941929 1.5 6.53125 1.5 3 P 0
L 6.4 1.3625 6.4437499 1.3625 0 P 0
L 6.4000001 1.41875 6.5125 1.41875 3 P 0
L 6.41875 1.28125 6.59375 1.28125 0 P 0
L 6.41875 2.325 6.41875 2.3625 0 P 0
L 6.43125 0.875 6.4625 0.90625 0 P 0
L 6.43125 1.8625 6.44375 1.875 0 P 0
L 6.4375 2.3875 6.475 2.35 0 P 0
L 6.4378864 3.1625 6.4628864 3.1375 1 P 0
L 6.4437499 1.3625 6.4550269 1.351223 0 P 0
L 6.4625 0.90625 6.5761719 0.90625 0 P 0
L 6.4628864 3.1375 6.75625 3.1375 1 P 0
L 6.475 2.3499999 6.475 2.35 0 P 0
L 6.475 2.3499999 6.5125 2.3124999 0 P 0
L 6.475 3.1875 6.4875 3.175 0 P 0
L 6.4906732 0.8343268 6.51875 0.80625 0 P 0
L 6.5125 1.41875 6.5625 1.46875 3 P 0
L 6.5125 2.2875 6.5125 2.3124999 0 P 0
L 6.51875 0.80625 6.71875 0.80625 0 P 0
L 6.525 1.55625 6.56875 1.5125 0 P 0
L 6.55625 1.7 6.6 1.65625 0 P 0
L 6.5625001 1.7125 6.6062501 1.66875 0 P 0
L 6.56875 1.5125 6.6125 1.5125 0 P 0
L 6.5761719 0.90625 6.5917487 0.8906732 0 P 0
L 6.5809094 2.4809094 6.65625 2.55625 0 P 0
L 6.5871177 1.56875 6.6183678 1.5374999 0 P 0
L 6.5914844 2.4268268 6.6370612 2.38125 1 P 0
L 6.5917487 0.8906732 6.6469232 0.8906732 0 P 0
L 6.6 1.65625 6.8375 1.65625 0 P 0
L 6.6024852 2.152118 6.6024852 2.1962352 0 P 0
L 6.6024852 2.152118 6.63125 2.1233532 0 P 0
L 6.6024852 2.1962352 6.625 2.21875 0 P 0
L 6.6062501 1.66875 6.83125 1.66875 0 P 0
L 6.6125 1.5125 6.625 1.525 0 P 0
L 6.6183678 1.5374999 7.0499999 1.5374999 0 P 0
L 6.61875 2.4375 6.79375 2.4375 0 P 0
L 6.625 1.525 7.0875 1.525 0 P 0
L 6.625 2.21875 6.6875 2.21875 0 P 0
L 6.6312499 2.0437499 6.65625 2.06875 0 P 0
L 6.63125 1.85 6.69375 1.9125 0 P 0
L 6.63125 2.075 6.63125 2.1233532 0 P 0
L 6.63125 2.15625 6.63125 2.18125 0 P 0
L 6.63125 2.15625 6.65625 2.13125 0 P 0
L 6.6370612 2.38125 6.8156014 2.38125 1 P 0
L 6.6469232 0.8906732 6.6625 0.90625 0 P 0
L 6.65625 2.06875 6.65625 2.13125 0 P 0
L 6.65625 2.13125 7.05 2.13125 0 P 0
L 6.65625 2.55625 7.021875 2.55625 0 P 0
L 6.6625 3.2625 6.725 3.2 1 P 0
L 6.68125 2.4625 6.80625 2.4625 0 P 0
L 6.68125 2.49375 6.80625 2.49375 0 P 0
L 6.68125 2.525 6.80625 2.525 0 P 0
L 6.6875 2.21875 6.7059548 2.2002952 0 P 0
L 6.69375 1.9125 6.9125 1.9125 0 P 0
L 6.7059548 2.2002952 6.9440452 2.2002952 0 P 0
L 6.71875 0.80625 6.73125 0.81875 0 P 0
L 6.725 3.2 6.76875 3.2 1 P 0
L 6.75625 3.1375 6.9875 3.36875 1 P 0
L 6.78125 2.89375 6.84375 2.95625 0 P 0
L 6.7875 2.88125 6.85 2.94375 0 P 0
L 6.79375 2.4375 6.80625 2.425 0 P 0
L 6.80625 2.6375 6.83635 2.6375 0 P 0
L 6.8156014 2.38125 6.9093514 2.475 1 P 0
L 6.83125 1.66875 6.8625 1.7 0 P 0
L 6.83635 2.6375 6.8644268 2.6655768 0 P 0
L 6.8375 1.65625 6.86875 1.6875 0 P 0
L 6.84375 2.95625 7.05 2.95625 0 P 0
L 6.85 2.94375 7.11875 2.94375 0 P 0
L 6.8625 1.7 7.0538056 1.7 0 P 0
L 6.8644268 2.6655768 6.9902909 2.6655768 0 P 0
L 6.86875 1.6875 7.0625 1.6875 0 P 0
L 6.9093514 2.475 7.15625 2.475 1 P 0
L 6.9125 1.9125 6.925 1.9 0 P 0
L 6.9331299 4.303973 6.9331299 4.3593026 0 P 0
L 6.9331299 4.303973 6.9499685 4.2871344 0 P 0
L 6.9331299 4.3593026 6.9472791 4.3734518 0 P 0
L 6.94375 2.2 6.9440452 2.2002952 0 P 0
L 6.946063 4.4045276 6.9472791 4.4033115 0 P 0
L 6.9472791 4.3734518 6.9472791 4.4033115 0 P 0
L 6.9499685 4.2613686 6.9499685 4.2871344 0 P 0
L 6.9499685 4.2613686 7.0050871 4.20625 0 P 0
L 6.9625 2.4375 6.9875 2.4125 0 P 0
L 6.9684685 4.2690315 6.9684685 4.3103535 0 P 0
L 6.9684685 4.2690315 7.01275 4.22475 0 P 0
L 6.9684685 4.3103535 6.9862205 4.3281055 0 P 0
L 6.98125 2.8625 6.99375 2.875 0 P 0
L 6.9862205 4.3281055 6.9862205 4.3344489 0 P 0
L 6.9875 2.4125 7.475 2.4125 0 P 0
L 6.9875 3.36875 7.1625 3.36875 1 P 0
L 6.9902909 2.6655768 7.0246177 2.63125 0 P 0
L 6.99375 2.875 7.375 2.875 0 P 0
L 7 2.4375 7.0125 2.425 0 P 0
L 7.0050871 4.20625 7.1235871 4.20625 0 P 0
L 7.0125 2.425 7.45 2.425 0 P 0
L 7.01275 4.22475 7.0373528 4.22475 0 P 0
L 7.021875 2.55625 7.053125 2.5875 0 P 0
L 7.0246177 2.63125 7.13125 2.63125 0 P 0
L 7.026378 4.4045276 7.0589286 4.371977 0 P 0
L 7.0373528 4.22475 7.0527495 4.22475 0 P 0
L 7.0499999 1.5374999 7.11875 1.60625 0 P 0
L 7.05 2.13125 7.11875 2.2 0 P 0
L 7.05 2.95625 7.175 3.08125 0 P 0
L 7.053125 2.5875 7.575 2.5875 0 P 0
L 7.0538056 1.7 7.11875 1.7649444 0 P 0
L 7.0589286 4.371977 7.090523 4.371977 0 P 0
L 7.0607495 4.23275 7.0607495 4.2327998 0 P 0
L 7.0625 1.6875 7.18088 1.80588 0 P 0
L 7.0767495 4.22625 7.0767495 4.2327998 0 P 0
L 7.08125 1.8375 7.10625 1.8625 0 P 0
L 7.0875 1.525 7.14375 1.58125 0 P 0
L 7.090523 4.371977 7.10625 4.35625 0 P 0
L 7.0927495 4.22625 7.0927495 4.23675 0 P 0
L 7.10625 1.8625 7.15588 1.8625 0 P 0
L 7.10625 4.299968 7.10625 4.35625 0 P 0
L 7.10625 4.299968 7.149968 4.25625 0 P 0
L 7.1087495 4.23275 7.1087495 4.23675 0 P 0
L 7.1167495 4.22475 7.13125 4.22475 0 P 0
L 7.11875 1.7649444 7.11875 1.81875 0 P 0
L 7.11875 2.94375 7.14375 2.96875 0 P 0
L 7.1235871 4.20625 7.242337 4.0875001 0 P 0
L 7.13125 4.22475 7.14375 4.21225 0 P 0
L 7.14375 2.96875 7.3310153 2.96875 0 P 0
L 7.14375 4.21225 7.3567648 3.9992352 0 P 0
L 7.1468504 4.2972568 7.1468504 4.3344489 0 P 0
L 7.1468504 4.2972568 7.1631072 4.281 0 P 0
L 7.149968 4.25625 7.3863722 4.25625 0 P 0
L 7.15588 1.8625 7.18088 1.8375 0 P 0
L 7.15625 2.475 7.2375 2.55625 1 P 0
L 7.1625 3.29375 7.1625 3.36875 1 P 0
L 7.1625 3.36875 7.29375 3.36875 1 P 0
L 7.1631072 4.281 7.1933048 4.281 0 P 0
L 7.175 3.08125 7.3163499 3.08125 0 P 0
L 7.18088 1.80588 7.18088 1.8375 0 P 0
L 7.1933048 4.281 7.2279995 4.281 0 P 0
L 7.2359995 4.289 7.2359995 4.293 0 P 0
L 7.242337 4.0875 7.242337 4.0875001 0 P 0
L 7.242337 4.0875 7.2554185 4.0744185 0 P 0
L 7.2519995 4.2825 7.2519995 4.293 0 P 0
L 7.2554185 4.0744185 7.3382648 3.9915723 0 P 0
L 7.2679995 4.2825 7.2679995 4.293 0 P 0
L 7.2839995 4.2825 7.2839995 4.293 0 P 0
L 7.2999995 4.2825 7.2999995 4.293 0 P 0
L 7.3 3.9625 7.322 3.9625 0 P 0
L 7.3159995 4.2825 7.3159995 4.293 0 P 0
L 7.3163499 3.08125 7.3567696 3.0408303 0 P 0
L 7.322 3.9625 7.3382648 3.9787648 0 P 0
L 7.3310153 2.96875 7.3622653 2.9375 0 P 0
L 7.3319995 4.2825 7.3319995 4.293 0 P 0
L 7.3382648 3.9787648 7.3382648 3.9915723 0 P 0
L 7.3479995 4.289 7.3479995 4.293 0 P 0
L 7.3559995 4.281 7.375 4.281 0 P 0
L 7.3567648 3.9837352 7.3567648 3.9992352 0 P 0
L 7.3567648 3.9837352 7.378 3.9625 0 P 0
L 7.3567696 3.0376476 7.3567696 3.0408303 0 P 0
L 7.3622653 2.9375 7.5746177 2.9375 0 P 0
L 7.375 2.875 7.425 2.925 0 P 0
L 7.375 4.281 7.3877851 4.281 0 P 0
L 7.378 3.9625 7.4 3.9625 0 P 0
L 7.3863722 4.25625 7.469 4.1736222 0 P 0
L 7.3877851 4.281 7.4875 4.1812851 0 P 0
L 7.39375 2.35 7.55 2.35 0 P 0
L 7.425 2.925 7.6 2.925 0 P 0
L 7.45 2.375 7.5375 2.375 0 P 0
L 7.45 2.425 7.4625 2.4375 0 P 0
L 7.4625 2.4375 7.49375 2.4375 0 P 0
L 7.469 4.1108371 7.469 4.1736222 0 P 0
L 7.469 4.1108371 7.542337 4.0375001 0 P 0
L 7.4875 4.1185 7.4875 4.1812851 0 P 0
L 7.4875 4.1185 7.6067648 3.9992352 0 P 0
L 7.542337 4.0375 7.542337 4.0375001 0 P 0
L 7.542337 4.0375 7.5554185 4.0244185 0 P 0
L 7.55 2.35 7.60625 2.40625 0 P 0
L 7.55 3.9625 7.572 3.9625 0 P 0
L 7.5554185 4.0244185 7.5882648 3.9915723 0 P 0
L 7.572 3.9625 7.5882648 3.9787648 0 P 0
L 7.5746177 2.9375 7.5871177 2.95 0 P 0
L 7.575 2.5875 7.5875 2.6 0 P 0
L 7.5871177 2.95 7.61875 2.95 0 P 0
L 7.5882648 3.9787648 7.5882648 3.9915723 0 P 0
L 7.6 2.88125 7.6375 2.91875 0 P 0
L 7.60625 2.40625 7.76875 2.40625 0 P 0
L 7.6067648 3.9837352 7.6067648 3.9992352 0 P 0
L 7.6067648 3.9837352 7.628 3.9625 0 P 0
L 7.61875 2.95 7.6375 2.93125 0 P 0
L 7.628 3.9625 7.65 3.9625 0 P 0
L 7.6375 2.91875 7.6375 2.93125 0 P 0
P 0.8464173 0.2684252 7 P 0 0 ;0=1,1=0
P 0.8464173 0.3864173 7 P 0 0 ;0=1,1=0
P 6.946063 4.4045276 5 P 0 0 ;0=0,1=0
P 6.9862205 4.3344489 6 P 0 0 ;0=0,1=0
P 7.026378 4.4045276 6 P 0 0 ;0=0,1=0
P 7.1468504 4.3344489 6 P 0 0 ;0=0,1=0
S P 0
OB 0.4 0.9312125 I
OS 0.395 0.9291414
OS 0.3928219 0.9313195
OS 0.3873724 0.9335767
OS 0.381474 0.9335767
OS 0.3760245 0.9313195
OS 0.3718537 0.9271487
OS 0.3695965 0.9216992
OS 0.3695965 0.9158008
OS 0.3718537 0.9103513
OS 0.3760245 0.9061805
OS 0.381474 0.9039233
OS 0.3873724 0.9039233
OS 0.3928219 0.9061805
OS 0.395 0.9083586
OS 0.4 0.9062875
OS 0.4 0.8124625
OS 0.395 0.8103914
OS 0.3928219 0.8125695
OS 0.3873724 0.8148267
OS 0.381474 0.8148267
OS 0.3760245 0.8125695
OS 0.3718537 0.8083987
OS 0.3695965 0.8029492
OS 0.3695965 0.7970508
OS 0.3718537 0.7916013
OS 0.3760245 0.7874305
OS 0.381474 0.7851733
OS 0.3873724 0.7851733
OS 0.3928219 0.7874305
OS 0.395 0.7896086
OS 0.4 0.7875375
OS 0.4 0.5375
OS 0.90625 0.5375
OS 0.90625 0.1875
OS 0.325 0.1875
OS 0.325 0.325
OS 0.0830698 0.325
OS 0.0830698 0.96875
OS 0.4 0.96875
OS 0.4 0.9312125
OE
OB 0.8544171 0.4256848 H
OS 0.8544171 0.3944173
OS 0.8856848 0.3944173
OS 0.8836914 0.4018567
OS 0.8784253 0.4109779
OS 0.8709779 0.4184253
OS 0.8618567 0.4236914
OS 0.8544171 0.4256848
OE
OB 0.8384171 0.4256847 H
OS 0.8309779 0.4236914
OS 0.8218567 0.4184253
OS 0.8144093 0.4109779
OS 0.8091432 0.4018567
OS 0.8071498 0.3944173
OS 0.8384171 0.3944173
OS 0.8384171 0.4256847
OE
OB 0.7328621 0.4204173 H
OS 0.7239097 0.4204173
OS 0.7152624 0.4181003
OS 0.7075094 0.4136241
OS 0.7011791 0.4072938
OS 0.6967029 0.3995408
OS 0.6943859 0.3908935
OS 0.6943859 0.3819411
OS 0.6967029 0.3732938
OS 0.7011791 0.3655408
OS 0.7075094 0.3592105
OS 0.7152624 0.3547343
OS 0.7239097 0.3524173
OS 0.7328621 0.3524173
OS 0.7415094 0.3547343
OS 0.7492624 0.3592105
OS 0.7555927 0.3655408
OS 0.7600689 0.3732938
OS 0.7623859 0.3819411
OS 0.7623859 0.3908935
OS 0.7600689 0.3995408
OS 0.7555927 0.4072938
OS 0.7492624 0.4136241
OS 0.7415094 0.4181003
OS 0.7328621 0.4204173
OE
OB 0.6148699 0.4204173 H
OS 0.6059175 0.4204173
OS 0.5972702 0.4181003
OS 0.5895172 0.4136241
OS 0.5831869 0.4072938
OS 0.5787107 0.3995408
OS 0.5763937 0.3908935
OS 0.5763937 0.3819411
OS 0.5787107 0.3732938
OS 0.5831869 0.3655408
OS 0.5895172 0.3592105
OS 0.5972702 0.3547343
OS 0.6059175 0.3524173
OS 0.6148699 0.3524173
OS 0.6235172 0.3547343
OS 0.6312702 0.3592105
OS 0.6376005 0.3655408
OS 0.6420767 0.3732938
OS 0.6443937 0.3819411
OS 0.6443937 0.3908935
OS 0.6420767 0.3995408
OS 0.6376005 0.4072938
OS 0.6312702 0.4136241
OS 0.6235172 0.4181003
OS 0.6148699 0.4204173
OE
OB 0.8384171 0.3784173 H
OS 0.8071498 0.3784173
OS 0.8091432 0.3709779
OS 0.8144093 0.3618567
OS 0.8218567 0.3544093
OS 0.8309779 0.3491432
OS 0.8384171 0.3471499
OS 0.8384171 0.3784173
OE
OB 0.8856848 0.3784173 H
OS 0.8544171 0.3784173
OS 0.8544171 0.3471498
OS 0.8618567 0.3491432
OS 0.8709779 0.3544093
OS 0.8784253 0.3618567
OS 0.8836914 0.3709779
OS 0.8856848 0.3784173
OE
OB 0.8544171 0.3076927 H
OS 0.8544171 0.2764252
OS 0.8856848 0.2764252
OS 0.8836914 0.2838646
OS 0.8784253 0.2929858
OS 0.8709779 0.3004332
OS 0.8618567 0.3056993
OS 0.8544171 0.3076927
OE
OB 0.8384171 0.3076926 H
OS 0.8309779 0.3056993
OS 0.8218567 0.3004332
OS 0.8144093 0.2929858
OS 0.8091432 0.2838646
OS 0.8071498 0.2764252
OS 0.8384171 0.2764252
OS 0.8384171 0.3076926
OE
OB 0.7328621 0.3024252 H
OS 0.7239097 0.3024252
OS 0.7152624 0.3001082
OS 0.7075094 0.295632
OS 0.7011791 0.2893017
OS 0.6967029 0.2815487
OS 0.6943859 0.2729014
OS 0.6943859 0.263949
OS 0.6967029 0.2553017
OS 0.7011791 0.2475487
OS 0.7075094 0.2412184
OS 0.7152624 0.2367422
OS 0.7239097 0.2344252
OS 0.7328621 0.2344252
OS 0.7415094 0.2367422
OS 0.7492624 0.2412184
OS 0.7555927 0.2475487
OS 0.7600689 0.2553017
OS 0.7623859 0.263949
OS 0.7623859 0.2729014
OS 0.7600689 0.2815487
OS 0.7555927 0.2893017
OS 0.7492624 0.295632
OS 0.7415094 0.3001082
OS 0.7328621 0.3024252
OE
OB 0.6148699 0.3024252 H
OS 0.6059175 0.3024252
OS 0.5972702 0.3001082
OS 0.5895172 0.295632
OS 0.5831869 0.2893017
OS 0.5787107 0.2815487
OS 0.5763937 0.2729014
OS 0.5763937 0.263949
OS 0.5787107 0.2553017
OS 0.5831869 0.2475487
OS 0.5895172 0.2412184
OS 0.5972702 0.2367422
OS 0.6059175 0.2344252
OS 0.6148699 0.2344252
OS 0.6235172 0.2367422
OS 0.6312702 0.2412184
OS 0.6376005 0.2475487
OS 0.6420767 0.2553017
OS 0.6443937 0.263949
OS 0.6443937 0.2729014
OS 0.6420767 0.2815487
OS 0.6376005 0.2893017
OS 0.6312702 0.295632
OS 0.6235172 0.3001082
OS 0.6148699 0.3024252
OE
OB 0.8384171 0.2604252 H
OS 0.8071498 0.2604252
OS 0.8091432 0.2529858
OS 0.8144093 0.2438646
OS 0.8218567 0.2364172
OS 0.8309779 0.2311511
OS 0.8384171 0.2291578
OS 0.8384171 0.2604252
OE
OB 0.8856848 0.2604252 H
OS 0.8544171 0.2604252
OS 0.8544171 0.2291577
OS 0.8618567 0.2311511
OS 0.8709779 0.2364172
OS 0.8784253 0.2438646
OS 0.8836914 0.2529858
OS 0.8856848 0.2604252
OE
SE
S P 0
OB 7.6463 0.3449 I
OS 7.65105 0.3449
OS 7.65105 0.33845
OS 7.6463 0.33845
OS 7.6463 0.3307
OS 7.63915 0.3307
OS 7.63915 0.33845
OS 7.62345 0.33845
OS 7.62345 0.34485
OS 7.64005 0.3693
OS 7.6463 0.3693
OS 7.6463 0.3449
OE
OB 7.6015 0.3372 I
OS 7.6208 0.3372
OS 7.6208 0.3307
OS 7.59375 0.3307
OS 7.59375 0.36885
OS 7.6015 0.36885
OS 7.6015 0.3372
OE
OB 7.63915 0.35795 H
OS 7.63035 0.3449
OS 7.63915 0.3449
OS 7.63915 0.35795
OE
SE
P 0.18125 0.86875 8 P 0 0 ;0=2,1=1
P 0.18125 0.95625 8 P 0 0 ;0=2,1=1
P 0.2125 0.86875 8 P 0 0 ;0=2,1=1
P 0.2125 0.95625 8 P 0 0 ;0=2,1=1
P 0.24375 0.86875 8 P 0 0 ;0=2,1=1
P 0.24375 0.95625 8 P 0 0 ;0=2,1=1
P 0.275 0.86875 8 P 0 0 ;0=2,1=1
P 0.275 0.95625 8 P 0 0 ;0=2,1=1
P 0.30625 0.86875 8 P 0 0 ;0=2,1=1
P 0.30625 0.95625 8 P 0 0 ;0=2,1=1
P 0.3375 0.86875 8 P 0 0 ;0=2,1=1
P 0.49375 2.56875 8 P 0 0 ;0=2,1=1
P 0.7125 1.10625 8 P 0 0 ;0=2,1=1
P 0.9 3.05625 8 P 0 0 ;0=2,1=1
P 1.148872 1.5364664 8 P 0 0 ;0=2,1=1
P 1.1875 3.4625 8 P 0 0 ;0=2,1=1
P 1.28125 3.08125 8 P 0 0 ;0=2,1=1
P 1.33125 0.79375 8 P 0 0 ;0=2,1=1
P 1.4375 2.1125 8 P 0 0 ;0=2,1=1
P 1.4875 1.93125 8 P 0 0 ;0=2,1=1
P 1.49375 2.01875 8 P 0 0 ;0=2,1=1
P 1.5 0.73125 8 P 0 0 ;0=2,1=1
P 1.525 2.6125 8 P 0 0 ;0=2,1=1
P 1.53125 1.58125 8 P 0 0 ;0=2,1=1
P 1.5375 2.01875 8 P 0 0 ;0=2,1=1
P 1.59375 1.33125 8 P 0 0 ;0=2,1=1
P 1.725 1.49375 8 P 0 0 ;0=2,1=1
P 1.725 1.81875 8 P 0 0 ;0=2,1=1
P 1.73125 2.6 8 P 0 0 ;0=2,1=1
P 1.75 1.29375 10 P 0 0 ;0=4,1=1
P 1.76875 3.3875 8 P 0 0 ;0=2,1=1
P 1.775 1.49375 8 P 0 0 ;0=2,1=1
P 1.78125 1.1625 8 P 0 0 ;0=2,1=1
P 1.8125 1.68125 8 P 0 0 ;0=2,1=1
P 1.81875 1.79375 8 P 0 0 ;0=2,1=1
P 1.825 1.49375 8 P 0 0 ;0=2,1=1
P 1.825 1.9625 8 P 0 0 ;0=2,1=1
P 1.825 2 8 P 0 0 ;0=2,1=1
P 1.825 2.03125 8 P 0 0 ;0=2,1=1
P 1.84375 1.7 8 P 0 0 ;0=2,1=1
P 1.8552082 1.0719285 8 P 0 0 ;0=2,1=1
P 1.88125 2.2625 8 P 0 0 ;0=2,1=1
P 1.89375 1.3 8 P 0 0 ;0=2,1=1
P 1.9 1.1625 8 P 0 0 ;0=2,1=1
P 1.9125 1.63125 8 P 0 0 ;0=2,1=1
P 1.925 0.75625 8 P 0 0 ;0=2,1=1
P 1.925 2.55625 8 P 0 0 ;0=2,1=1
P 1.93125 1.1625 8 P 0 0 ;0=2,1=1
P 1.93125 1.49375 8 P 0 0 ;0=2,1=1
P 1.96875 1.49375 8 P 0 0 ;0=2,1=1
P 1.98125 1.4125 8 P 0 0 ;0=2,1=1
P 2 3.3125 8 P 0 0 ;0=2,1=1
P 2 3.43125 8 P 0 0 ;0=2,1=1
P 2.00625 1.49375 8 P 0 0 ;0=2,1=1
P 2.025 2.3737697 8 P 0 0 ;0=2,1=1
P 2.05 2.1125 8 P 0 0 ;0=2,1=1
P 2.05625 3.225 8 P 0 0 ;0=2,1=1
P 2.0656732 2.44375 8 P 0 0 ;0=2,1=1
P 2.08125 2.475 8 P 0 0 ;0=2,1=1
P 2.1 1.675 8 P 0 0 ;0=2,1=1
P 2.10625 1.7125 8 P 0 0 ;0=2,1=1
P 2.1375 2.25 8 P 0 0 ;0=2,1=1
P 2.1375 2.36875 8 P 0 0 ;0=2,1=1
P 2.18125 3.475 8 P 0 0 ;0=2,1=1
P 2.21875 3.4375 8 P 0 0 ;0=2,1=1
P 2.2375 3.3375 8 P 0 0 ;0=2,1=1
P 2.24375 3.225 8 P 0 0 ;0=2,1=1
P 2.24375 3.2625 8 P 0 0 ;0=2,1=1
P 2.24375 3.3 8 P 0 0 ;0=2,1=1
P 2.24375 3.41875 8 P 0 0 ;0=2,1=1
P 2.3 1.825 8 P 0 0 ;0=2,1=1
P 2.35625 0.74375 8 P 0 0 ;0=2,1=1
P 2.3875 3.5 8 P 0 0 ;0=2,1=1
P 2.43125 1.725 8 P 0 0 ;0=2,1=1
P 2.4625 2.3 8 P 0 0 ;0=2,1=1
P 2.48125 1.7875 8 P 0 0 ;0=2,1=1
P 2.55625 2.34375 8 P 0 0 ;0=2,1=1
P 2.5762303 2.5074803 8 P 0 0 ;0=2,1=1
P 2.59375 3.3625 8 P 0 0 ;0=2,1=1
P 2.59375 3.41875 8 P 0 0 ;0=2,1=1
P 2.63125 1.7875 8 P 0 0 ;0=2,1=1
P 2.63125 1.93125 8 P 0 0 ;0=2,1=1
P 2.6735025 3.3952476 8 P 0 0 ;0=2,1=1
P 2.68125 2.475 8 P 0 0 ;0=2,1=1
P 2.69375 1.7875 8 P 0 0 ;0=2,1=1
P 2.7125 3.44375 8 P 0 0 ;0=2,1=1
P 2.71875 2.34375 8 P 0 0 ;0=2,1=1
P 2.7427165 2.4760335 8 P 0 0 ;0=2,1=1
P 2.74375 1.6625 8 P 0 0 ;0=2,1=1
P 2.7678642 4.25625 8 P 0 0 ;0=2,1=1
P 2.7874015 4.5648622 8 P 0 0 ;0=2,1=1
P 2.8 0.73125 8 P 0 0 ;0=2,1=1
P 2.81875 4.25625 8 P 0 0 ;0=2,1=1
P 2.81875 4.3156732 8 P 0 0 ;0=2,1=1
P 2.8188976 4.5648622 8 P 0 0 ;0=2,1=1
P 2.85 2.325 8 P 0 0 ;0=2,1=1
P 2.8503936 4.5648622 8 P 0 0 ;0=2,1=1
P 2.85625 3.21875 8 P 0 0 ;0=2,1=1
P 2.875 0.8875 8 P 0 0 ;0=2,1=1
P 2.875 0.98125 8 P 0 0 ;0=2,1=1
P 2.875 1.075 8 P 0 0 ;0=2,1=1
P 2.875 1.9 8 P 0 0 ;0=2,1=1
P 2.88125 1.14375 8 P 0 0 ;0=2,1=1
P 2.8818897 4.5648622 8 P 0 0 ;0=2,1=1
P 2.8875 1.58125 8 P 0 0 ;0=2,1=1
P 2.90625 4.1875 8 P 0 0 ;0=2,1=1
P 2.90625 4.275 8 P 0 0 ;0=2,1=1
P 2.9133858 4.5648622 8 P 0 0 ;0=2,1=1
P 2.95 1.7875 8 P 0 0 ;0=2,1=1
P 2.95 4.10625 8 P 0 0 ;0=2,1=1
P 2.95625 2.625 8 P 0 0 ;0=2,1=1
P 2.975 1.14375 8 P 0 0 ;0=2,1=1
P 2.975 4.5 8 P 0 0 ;0=2,1=1
P 2.9760827 4.38125 8 P 0 0 ;0=2,1=1
P 2.9968268 4.0594232 8 P 0 0 ;0=2,1=1
P 3.00625 0.79375 8 P 0 0 ;0=2,1=1
P 3.00625 4.5 8 P 0 0 ;0=2,1=1
P 3.01875 2.1125 8 P 0 0 ;0=2,1=1
P 3.01875 4.1781732 8 P 0 0 ;0=2,1=1
P 3.0390748 4.3156732 8 P 0 0 ;0=2,1=1
P 3.03937 4.5648622 8 P 0 0 ;0=2,1=1
P 3.04375 2.94375 8 P 0 0 ;0=2,1=1
P 3.06875 1.1625 8 P 0 0 ;0=2,1=1
P 3.075 2.01875 8 P 0 0 ;0=2,1=1
P 3.08125 0.75625 8 P 0 0 ;0=2,1=1
P 3.1 4.1875 8 P 0 0 ;0=2,1=1
P 3.1023621 4.5648622 8 P 0 0 ;0=2,1=1
P 3.11875 1.73125 8 P 0 0 ;0=2,1=1
P 3.11875 2.01875 8 P 0 0 ;0=2,1=1
P 3.125 0.75625 8 P 0 0 ;0=2,1=1
P 3.1338582 4.5648622 8 P 0 0 ;0=2,1=1
P 3.15625 4.14375 8 P 0 0 ;0=2,1=1
P 3.1653543 4.5648622 8 P 0 0 ;0=2,1=1
P 3.16875 0.75625 8 P 0 0 ;0=2,1=1
P 3.2 4.0375 8 P 0 0 ;0=2,1=1
P 3.2125 0.9437501 8 P 0 0 ;0=2,1=1
P 3.24375 3.48125 8 P 0 0 ;0=2,1=1
P 3.24375 3.525 8 P 0 0 ;0=2,1=1
P 3.25625 0.75625 8 P 0 0 ;0=2,1=1
P 3.25625 0.9437501 8 P 0 0 ;0=2,1=1
P 3.28125 3.55 8 P 0 0 ;0=2,1=1
P 3.28125 4.0969232 8 P 0 0 ;0=2,1=1
P 3.2913385 4.5648622 8 P 0 0 ;0=2,1=1
P 3.3 0.75625 8 P 0 0 ;0=2,1=1
P 3.3 0.9437501 8 P 0 0 ;0=2,1=1
P 3.30625 1.81875 8 P 0 0 ;0=2,1=1
P 3.33125 1.73125 8 P 0 0 ;0=2,1=1
P 3.34375 0.9437501 8 P 0 0 ;0=2,1=1
P 3.3543306 4.5648622 8 P 0 0 ;0=2,1=1
P 3.35625 1.81875 8 P 0 0 ;0=2,1=1
P 3.38125 0.79375 8 P 0 0 ;0=2,1=1
P 3.3875 1.7 8 P 0 0 ;0=2,1=1
P 3.3875 4.0969232 8 P 0 0 ;0=2,1=1
P 3.4 1.79375 8 P 0 0 ;0=2,1=1
P 3.4 1.99375 8 P 0 0 ;0=2,1=1
P 3.4 2.03125 8 P 0 0 ;0=2,1=1
P 3.41875 3.86875 8 P 0 0 ;0=2,1=1
P 3.41875 3.90625 8 P 0 0 ;0=2,1=1
P 3.425 1.675 8 P 0 0 ;0=2,1=1
P 3.4488188 4.5648622 8 P 0 0 ;0=2,1=1
P 3.46875 2.26875 8 P 0 0 ;0=2,1=1
P 3.46875 4.25 8 P 0 0 ;0=2,1=1
P 3.4875 1.6375 8 P 0 0 ;0=2,1=1
P 3.49375 3.59375 8 P 0 0 ;0=2,1=1
P 3.49375 3.625 8 P 0 0 ;0=2,1=1
P 3.49375 3.93125 8 P 0 0 ;0=2,1=1
P 3.5118109 4.5648622 8 P 0 0 ;0=2,1=1
P 3.525 0.90625 8 P 0 0 ;0=2,1=1
P 3.525 1.00625 8 P 0 0 ;0=2,1=1
P 3.5625 1.1625 8 P 0 0 ;0=2,1=1
P 3.6 1.1625 8 P 0 0 ;0=2,1=1
P 3.60625 1.675 8 P 0 0 ;0=2,1=1
P 3.6125 2.16875 8 P 0 0 ;0=2,1=1
P 3.625 1.3875 8 P 0 0 ;0=2,1=1
P 3.63125 1.1625 8 P 0 0 ;0=2,1=1
P 3.63125 2.1125 8 P 0 0 ;0=2,1=1
P 3.6625 0.73125 8 P 0 0 ;0=2,1=1
P 3.6719232 2.4892667 8 P 0 0 ;0=2,1=1
P 3.68125 1.675 8 P 0 0 ;0=2,1=1
P 3.6871016 1.725 8 P 0 0 ;0=2,1=1
P 3.7125 1.4 8 P 0 0 ;0=2,1=1
P 3.71875 2.36875 8 P 0 0 ;0=2,1=1
P 3.71875 3.95625 8 P 0 0 ;0=2,1=1
P 3.725 2.9 8 P 0 0 ;0=2,1=1
P 3.73125 1.9625 8 P 0 0 ;0=2,1=1
P 3.74375 1.925 8 P 0 0 ;0=2,1=1
P 3.79375 3.825 8 P 0 0 ;0=2,1=1
P 3.7952755 4.5648622 8 P 0 0 ;0=2,1=1
P 3.8125 2.40625 8 P 0 0 ;0=2,1=1
P 3.84375 1.6375 8 P 0 0 ;0=2,1=1
P 3.85625 3.90625 8 P 0 0 ;0=2,1=1
P 3.8582676 4.5648622 8 P 0 0 ;0=2,1=1
P 3.8897637 4.5648622 8 P 0 0 ;0=2,1=1
P 3.89375 1.875 8 P 0 0 ;0=2,1=1
P 3.9125001 3.50625 8 P 0 0 ;0=2,1=1
P 3.9125001 3.55 8 P 0 0 ;0=2,1=1
P 3.9212598 4.5648622 8 P 0 0 ;0=2,1=1
P 3.9248158 1.9941912 8 P 0 0 ;0=2,1=1
P 3.925 3.95625 8 P 0 0 ;0=2,1=1
P 3.9527558 4.5648622 8 P 0 0 ;0=2,1=1
P 3.96875 3.925 8 P 0 0 ;0=2,1=1
P 4.00625 3.95 8 P 0 0 ;0=2,1=1
P 4.0157479 4.5648622 8 P 0 0 ;0=2,1=1
P 4.01875 2.16875 8 P 0 0 ;0=2,1=1
P 4.0625 1.7875 8 P 0 0 ;0=2,1=1
P 4.1 0.73125 8 P 0 0 ;0=2,1=1
P 4.11875 3.525 8 P 0 0 ;0=2,1=1
P 4.1375 2.34375 8 P 0 0 ;0=2,1=1
P 4.15625 3.55 8 P 0 0 ;0=2,1=1
P 4.1574803 2.5074803 8 P 0 0 ;0=2,1=1
P 4.20625 2.25 8 P 0 0 ;0=2,1=1
P 4.20625 2.33125 8 P 0 0 ;0=2,1=1
P 4.20625 2.4625 8 P 0 0 ;0=2,1=1
P 4.2125 1.7875 8 P 0 0 ;0=2,1=1
P 4.2125 1.93125 8 P 0 0 ;0=2,1=1
P 4.2125 2.2125 8 P 0 0 ;0=2,1=1
P 4.2375 1.35625 8 P 0 0 ;0=2,1=1
P 4.26875 1.3375 8 P 0 0 ;0=2,1=1
P 4.28125 2.95 8 P 0 0 ;0=2,1=1
P 4.3239665 2.4760335 8 P 0 0 ;0=2,1=1
P 4.3375 1.6625 8 P 0 0 ;0=2,1=1
P 4.3937007 4.4898622 8 P 0 0 ;0=2,1=1
P 4.39375 3.84375 8 P 0 0 ;0=2,1=1
P 4.4124636 2.0405768 8 P 0 0 ;0=2,1=1
P 4.4239666 2.4760334 8 P 0 0 ;0=2,1=1
P 4.4619833 3.24375 8 P 0 0 ;0=2,1=1
P 4.4625 3.2875 8 P 0 0 ;0=2,1=1
P 4.4625 3.33125 8 P 0 0 ;0=2,1=1
P 4.4625 3.375 8 P 0 0 ;0=2,1=1
P 4.4625 3.41875 8 P 0 0 ;0=2,1=1
P 4.4625 3.4625 8 P 0 0 ;0=2,1=1
P 4.4625 3.50625 8 P 0 0 ;0=2,1=1
P 4.4625 3.55 8 P 0 0 ;0=2,1=1
P 4.46875 3.1 8 P 0 0 ;0=2,1=1
P 4.48125 1.64375 8 P 0 0 ;0=2,1=1
P 4.49375 1.59375 8 P 0 0 ;0=2,1=1
P 4.49375 3.075 8 P 0 0 ;0=2,1=1
P 4.51875 0.95625 8 P 0 0 ;0=2,1=1
P 4.51875 1.85 8 P 0 0 ;0=2,1=1
P 4.5196849 4.4898622 8 P 0 0 ;0=2,1=1
P 4.5196849 4.5648622 8 P 0 0 ;0=2,1=1
P 4.53125 0.73125 8 P 0 0 ;0=2,1=1
P 4.54375 3.71875 8 P 0 0 ;0=2,1=1
P 4.5509292 4.5646105 8 P 0 0 ;0=2,1=1
P 4.5511809 4.4898622 8 P 0 0 ;0=2,1=1
P 4.60625 1.0866141 8 P 0 0 ;0=2,1=1
P 4.60625 1.1181102 8 P 0 0 ;0=2,1=1
P 4.60625 1.1496062 8 P 0 0 ;0=2,1=1
P 4.60625 1.1811023 8 P 0 0 ;0=2,1=1
P 4.60625 1.2125984 8 P 0 0 ;0=2,1=1
P 4.60625 1.2440944 8 P 0 0 ;0=2,1=1
P 4.60625 1.2755905 8 P 0 0 ;0=2,1=1
P 4.60625 1.559055 8 P 0 0 ;0=2,1=1
P 4.60625 1.5905511 8 P 0 0 ;0=2,1=1
P 4.60625 1.6220472 8 P 0 0 ;0=2,1=1
P 4.60625 1.6535432 8 P 0 0 ;0=2,1=1
P 4.60625 1.6850393 8 P 0 0 ;0=2,1=1
P 4.60625 1.7165354 8 P 0 0 ;0=2,1=1
P 4.60625 1.7480314 8 P 0 0 ;0=2,1=1
P 4.60625 1.7795275 8 P 0 0 ;0=2,1=1
P 4.60625 1.8110235 8 P 0 0 ;0=2,1=1
P 4.60625 1.8425196 8 P 0 0 ;0=2,1=1
P 4.60625 1.8740157 8 P 0 0 ;0=2,1=1
P 4.60625 3.10625 8 P 0 0 ;0=2,1=1
P 4.625 3.13125 8 P 0 0 ;0=2,1=1
P 4.6375 1.33125 8 P 0 0 ;0=2,1=1
P 4.6375 1.39375 8 P 0 0 ;0=2,1=1
P 4.6375 1.45625 8 P 0 0 ;0=2,1=1
P 4.6375 1.51875 8 P 0 0 ;0=2,1=1
P 4.6375 3.0125 8 P 0 0 ;0=2,1=1
P 4.6375 3.04375 8 P 0 0 ;0=2,1=1
P 4.6375 3.075 8 P 0 0 ;0=2,1=1
P 4.66875 1.325 8 P 0 0 ;0=2,1=1
P 4.66875 1.3875 8 P 0 0 ;0=2,1=1
P 4.66875 1.45 8 P 0 0 ;0=2,1=1
P 4.66875 1.5125 8 P 0 0 ;0=2,1=1
P 4.6876968 3.9420492 8 P 0 0 ;0=2,1=1
P 4.75 4.53125 8 P 0 0 ;0=2,1=1
P 4.75625 1.9 8 P 0 0 ;0=2,1=1
P 4.75625 3.35625 8 P 0 0 ;0=2,1=1
P 4.76875 2.075 8 P 0 0 ;0=2,1=1
P 4.775 1.975 8 P 0 0 ;0=2,1=1
P 4.81875 2.8346457 8 P 0 0 ;0=2,1=1
P 4.9 2.025 8 P 0 0 ;0=2,1=1
P 4.9125 1.05 8 P 0 0 ;0=2,1=1
P 4.9125 1.1 8 P 0 0 ;0=2,1=1
P 4.9125 1.1496062 8 P 0 0 ;0=2,1=1
P 4.9125 1.2 8 P 0 0 ;0=2,1=1
P 4.9125 2.54375 8 P 0 0 ;0=2,1=1
P 4.9125 2.75625 8 P 0 0 ;0=2,1=1
P 4.91875 1.4375 8 P 0 0 ;0=2,1=1
P 4.91875 1.4875 8 P 0 0 ;0=2,1=1
P 4.91875 1.5375 8 P 0 0 ;0=2,1=1
P 4.91875 1.5875 8 P 0 0 ;0=2,1=1
P 4.91875 1.6375 8 P 0 0 ;0=2,1=1
P 4.91875 1.6875 8 P 0 0 ;0=2,1=1
P 4.9375 1.025 8 P 0 0 ;0=2,1=1
P 4.9375 1.075 8 P 0 0 ;0=2,1=1
P 4.9375 1.125 8 P 0 0 ;0=2,1=1
P 4.9375 1.175 8 P 0 0 ;0=2,1=1
P 4.9434948 1.4625 8 P 0 0 ;0=2,1=1
P 4.9434948 1.5125 8 P 0 0 ;0=2,1=1
P 4.9434948 1.5625 8 P 0 0 ;0=2,1=1
P 4.9434948 1.6625 8 P 0 0 ;0=2,1=1
P 4.94375 1.6125 8 P 0 0 ;0=2,1=1
P 4.94375 2.40625 8 P 0 0 ;0=2,1=1
P 4.94375 3.81875 8 P 0 0 ;0=2,1=1
P 4.95 1.85 8 P 0 0 ;0=2,1=1
P 4.95 1.9 8 P 0 0 ;0=2,1=1
P 4.95 1.95 8 P 0 0 ;0=2,1=1
P 4.95 2 8 P 0 0 ;0=2,1=1
P 4.95 3.86875 8 P 0 0 ;0=2,1=1
P 4.96875 2.43125 8 P 0 0 ;0=2,1=1
P 4.96875 2.5 8 P 0 0 ;0=2,1=1
P 4.975 1.825 8 P 0 0 ;0=2,1=1
P 4.975 1.875 8 P 0 0 ;0=2,1=1
P 4.975 1.925 8 P 0 0 ;0=2,1=1
P 4.975 1.975 8 P 0 0 ;0=2,1=1
P 4.98125 0.94375 8 P 0 0 ;0=2,1=1
P 4.9908161 3.3654338 8 P 0 0 ;0=2,1=1
P 4.99375 1.08125 8 P 0 0 ;0=2,1=1
P 4.99375 2.4625 8 P 0 0 ;0=2,1=1
P 5.00625 1.1125 8 P 0 0 ;0=2,1=1
P 5.0111539 2.6330709 8 P 0 0 ;0=2,1=1
P 5.0125 0.91875 8 P 0 0 ;0=2,1=1
P 5.01875 2.375 8 P 0 0 ;0=2,1=1
P 5.025 1.80625 8 P 0 0 ;0=2,1=1
P 5.03125 1.2125 8 P 0 0 ;0=2,1=1
P 5.0375 2.675 8 P 0 0 ;0=2,1=1
P 5.0406732 2.5406732 8 P 0 0 ;0=2,1=1
P 5.0406732 2.6026945 8 P 0 0 ;0=2,1=1
P 5.04375 4.3843268 8 P 0 0 ;0=2,1=1
P 5.05 2.075 8 P 0 0 ;0=2,1=1
P 5.05 3.55 8 P 0 0 ;0=2,1=1
P 5.05 3.66875 8 P 0 0 ;0=2,1=1
P 5.05625 0.89375 8 P 0 0 ;0=2,1=1
P 5.05625 1.0125 8 P 0 0 ;0=2,1=1
P 5.05625 1.425 8 P 0 0 ;0=2,1=1
P 5.08125 0.86875 8 P 0 0 ;0=2,1=1
P 5.08125 0.99375 8 P 0 0 ;0=2,1=1
P 5.0875 0.925 8 P 0 0 ;0=2,1=1
P 5.09375 1.1875 8 P 0 0 ;0=2,1=1
P 5.09375 1.21875 8 P 0 0 ;0=2,1=1
P 5.1125 1.4625 8 P 0 0 ;0=2,1=1
P 5.1125 1.825 8 P 0 0 ;0=2,1=1
P 5.11875 1.2375 8 P 0 0 ;0=2,1=1
P 5.1248088 0.9439411 8 P 0 0 ;0=2,1=1
P 5.13125 1.04375 8 P 0 0 ;0=2,1=1
P 5.13125 1.95625 8 P 0 0 ;0=2,1=1
P 5.13125 4.30625 8 P 0 0 ;0=2,1=1
P 5.1320114 1.2640228 8 P 0 0 ;0=2,1=1
P 5.1625 1.4875 8 P 0 0 ;0=2,1=1
P 5.18125 1.9375 8 P 0 0 ;0=2,1=1
P 5.20625 1.0125 8 P 0 0 ;0=2,1=1
P 5.20625 1.16875 8 P 0 0 ;0=2,1=1
P 5.2125 1.2875 8 P 0 0 ;0=2,1=1
P 5.225 1.5 8 P 0 0 ;0=2,1=1
P 5.24375 1.1375 8 P 0 0 ;0=2,1=1
P 5.25625 1.90625 8 P 0 0 ;0=2,1=1
P 5.2625 2.1125 8 P 0 0 ;0=2,1=1
P 5.275 1.3 8 P 0 0 ;0=2,1=1
P 5.28125 4.10625 8 P 0 0 ;0=2,1=1
P 5.2875 1.3625 8 P 0 0 ;0=2,1=1
P 5.3 1.5 8 P 0 0 ;0=2,1=1
P 5.30625 1.3125 8 P 0 0 ;0=2,1=1
P 5.30625 3.2625 8 P 0 0 ;0=2,1=1
P 5.30625 4.28125 8 P 0 0 ;0=2,1=1
P 5.325 4.10625 8 P 0 0 ;0=2,1=1
P 5.325 4.18125 8 P 0 0 ;0=2,1=1
P 5.33125 1.925 8 P 0 0 ;0=2,1=1
P 5.3375 1.3875 8 P 0 0 ;0=2,1=1
P 5.35 1.3375 8 P 0 0 ;0=2,1=1
P 5.3625 3.28125 8 P 0 0 ;0=2,1=1
P 5.36875 4.33125 8 P 0 0 ;0=2,1=1
P 5.3875 1.4 8 P 0 0 ;0=2,1=1
P 5.3875 4.11875 8 P 0 0 ;0=2,1=1
P 5.3875 4.18125 8 P 0 0 ;0=2,1=1
P 5.3875 4.21875 8 P 0 0 ;0=2,1=1
P 5.4 4.33125 8 P 0 0 ;0=2,1=1
P 5.4125 1.55 8 P 0 0 ;0=2,1=1
P 5.4125 4.025 8 P 0 0 ;0=2,1=1
P 5.45 3.99375 8 P 0 0 ;0=2,1=1
P 5.45 4.28125 8 P 0 0 ;0=2,1=1
P 5.45625 1.625 8 P 0 0 ;0=2,1=1
P 5.45625 4.35 8 P 0 0 ;0=2,1=1
P 5.4625 1.2375 8 P 0 0 ;0=2,1=1
P 5.48125 1.5625 8 P 0 0 ;0=2,1=1
P 5.48125 3.98125 8 P 0 0 ;0=2,1=1
P 5.48125 4.39375 8 P 0 0 ;0=2,1=1
P 5.49375 1.175 8 P 0 0 ;0=2,1=1
P 5.49375 1.20625 8 P 0 0 ;0=2,1=1
P 5.49375 1.25 8 P 0 0 ;0=2,1=1
P 5.50625 0.875 8 P 0 0 ;0=2,1=1
P 5.5125 3.975 8 P 0 0 ;0=2,1=1
P 5.5125 4.33125 8 P 0 0 ;0=2,1=1
P 5.5142717 2.4642717 9 P 0 0 ;0=3,1=1
P 5.5142717 2.4957677 9 P 0 0 ;0=3,1=1
P 5.5142717 2.5272638 9 P 0 0 ;0=3,1=1
P 5.5142717 2.5587598 9 P 0 0 ;0=3,1=1
P 5.5142717 2.5902559 9 P 0 0 ;0=3,1=1
P 5.53125 1.6375 8 P 0 0 ;0=2,1=1
P 5.54375 3.3375 8 P 0 0 ;0=2,1=1
P 5.5457678 2.4642717 9 P 0 0 ;0=3,1=1
P 5.55 0.78125 8 P 0 0 ;0=2,1=1
P 5.5772638 2.8107283 9 P 0 0 ;0=3,1=1
P 5.58125 3.88125 8 P 0 0 ;0=2,1=1
P 5.58125 3.93125 8 P 0 0 ;0=2,1=1
P 5.59375 1.59375 8 P 0 0 ;0=2,1=1
P 5.59375 4.08125 8 P 0 0 ;0=2,1=1
P 5.6 3.55 8 P 0 0 ;0=2,1=1
P 5.60625 4.04375 8 P 0 0 ;0=2,1=1
P 5.60625 4.21875 8 P 0 0 ;0=2,1=1
P 5.6062992 4.4125 8 P 0 0 ;0=2,1=1
P 5.6062992 4.5625 8 P 0 0 ;0=2,1=1
P 5.6087599 2.8107283 9 P 0 0 ;0=3,1=1
P 5.63125 1.66875 8 P 0 0 ;0=2,1=1
P 5.6375 1.06875 8 P 0 0 ;0=2,1=1
P 5.6375 4.05625 8 P 0 0 ;0=2,1=1
P 5.6377953 4.4125 8 P 0 0 ;0=2,1=1
P 5.6377953 4.5625 8 P 0 0 ;0=2,1=1
P 5.640256 2.8107283 9 P 0 0 ;0=3,1=1
P 5.64375 4.01875 8 P 0 0 ;0=2,1=1
P 5.65 3.79375 8 P 0 0 ;0=2,1=1
P 5.6692914 4.5625 8 P 0 0 ;0=2,1=1
P 5.671752 2.8107283 9 P 0 0 ;0=3,1=1
P 5.675 1.69375 8 P 0 0 ;0=2,1=1
P 5.7125 1.7125 8 P 0 0 ;0=2,1=1
P 5.7125 3.3281732 8 P 0 0 ;0=2,1=1
P 5.71875 4.19375 8 P 0 0 ;0=2,1=1
P 5.71875 4.34375 8 P 0 0 ;0=2,1=1
P 5.7322835 4.5625 8 P 0 0 ;0=2,1=1
P 5.7347441 2.8107283 9 P 0 0 ;0=3,1=1
P 5.7347441 2.8422243 9 P 0 0 ;0=3,1=1
P 5.7375 4.1625 8 P 0 0 ;0=2,1=1
P 5.74375 0.93125 8 P 0 0 ;0=2,1=1
P 5.74375 4.3625 8 P 0 0 ;0=2,1=1
P 5.7625 1.33125 8 P 0 0 ;0=2,1=1
P 5.7625 1.3875 8 P 0 0 ;0=2,1=1
P 5.7625 1.43125 8 P 0 0 ;0=2,1=1
P 5.7637795 4.5625 8 P 0 0 ;0=2,1=1
P 5.76875 1.7875 8 P 0 0 ;0=2,1=1
P 5.79375 4.20625 8 P 0 0 ;0=2,1=1
P 5.7952756 4.5625 8 P 0 0 ;0=2,1=1
P 5.81875 3.76875 8 P 0 0 ;0=2,1=1
P 5.81875 4.03125 8 P 0 0 ;0=2,1=1
P 5.81875 4.3625 8 P 0 0 ;0=2,1=1
P 5.825 1.35625 8 P 0 0 ;0=2,1=1
P 5.825 1.5125 8 P 0 0 ;0=2,1=1
P 5.825 1.54375 8 P 0 0 ;0=2,1=1
P 5.8267717 4.4125 8 P 0 0 ;0=2,1=1
P 5.8292323 2.8422243 9 P 0 0 ;0=3,1=1
P 5.83125 4.20625 8 P 0 0 ;0=2,1=1
P 5.84375 1.8 8 P 0 0 ;0=2,1=1
P 5.85625 1.1375 8 P 0 0 ;0=2,1=1
P 5.8582677 4.4125 8 P 0 0 ;0=2,1=1
P 5.8582677 4.5625 8 P 0 0 ;0=2,1=1
P 5.8607283 2.8737204 9 P 0 0 ;0=3,1=1
P 5.86875 3.95 8 P 0 0 ;0=2,1=1
P 5.88125 3.51875 8 P 0 0 ;0=2,1=1
P 5.8875 1.7625 8 P 0 0 ;0=2,1=1
P 5.8922244 2.4957677 9 P 0 0 ;0=3,1=1
P 5.8922244 2.7162401 9 P 0 0 ;0=3,1=1
P 5.89375 4.125 8 P 0 0 ;0=2,1=1
P 5.9 1.875 8 P 0 0 ;0=2,1=1
P 5.90625 1.925 8 P 0 0 ;0=2,1=1
P 5.90625 3.60625 8 P 0 0 ;0=2,1=1
P 5.9125 4.35625 8 P 0 0 ;0=2,1=1
P 5.9212599 4.5625 8 P 0 0 ;0=2,1=1
P 5.9237205 2.4957677 9 P 0 0 ;0=3,1=1
P 5.9237205 2.5272638 9 P 0 0 ;0=3,1=1
P 5.9237205 2.5587598 9 P 0 0 ;0=3,1=1
P 5.9237205 2.5902559 9 P 0 0 ;0=3,1=1
P 5.9237205 2.7162401 9 P 0 0 ;0=3,1=1
P 5.9375 3.61875 8 P 0 0 ;0=2,1=1
P 5.9375 4.40625 8 P 0 0 ;0=2,1=1
P 5.94375 1.34375 8 P 0 0 ;0=2,1=1
P 5.95 1.825 8 P 0 0 ;0=2,1=1
P 5.95625 1.1375 8 P 0 0 ;0=2,1=1
P 5.95625 3.65 8 P 0 0 ;0=2,1=1
P 5.95625 4.38125 8 P 0 0 ;0=2,1=1
P 5.96875 3.56875 8 P 0 0 ;0=2,1=1
P 5.98125 1.74375 8 P 0 0 ;0=2,1=1
P 5.984252 4.5625 8 P 0 0 ;0=2,1=1
P 5.9940945 4.40625 8 P 0 0 ;0=2,1=1
P 6 3.59375 8 P 0 0 ;0=2,1=1
P 6.0059055 4.36875 8 P 0 0 ;0=2,1=1
P 6.00625 1.71875 8 P 0 0 ;0=2,1=1
P 6.00625 1.79375 8 P 0 0 ;0=2,1=1
P 6.0125 1.64375 8 P 0 0 ;0=2,1=1
P 6.015748 4.5625 8 P 0 0 ;0=2,1=1
P 6.01875 3.61875 8 P 0 0 ;0=2,1=1
P 6.03125 1.1375 8 P 0 0 ;0=2,1=1
P 6.03125 3.6715409 8 P 0 0 ;0=2,1=1
P 6.0374016 4.36875 8 P 0 0 ;0=2,1=1
P 6.04375 1.725 8 P 0 0 ;0=2,1=1
P 6.0472441 4.5625 8 P 0 0 ;0=2,1=1
P 6.05625 3.7375 8 P 0 0 ;0=2,1=1
P 6.075 3.76875 8 P 0 0 ;0=2,1=1
P 6.0787402 4.5625 8 P 0 0 ;0=2,1=1
P 6.0969232 1.6125 8 P 0 0 ;0=2,1=1
P 6.11875 1.1375 8 P 0 0 ;0=2,1=1
P 6.14375 1.35 8 P 0 0 ;0=2,1=1
P 6.2 4.36875 8 P 0 0 ;0=2,1=1
P 6.205296 4.5630716 8 P 0 0 ;0=2,1=1
P 6.2279338 4.5404338 8 P 0 0 ;0=2,1=1
P 6.23125 2.08125 8 P 0 0 ;0=2,1=1
P 6.26875 2.80625 8 P 0 0 ;0=2,1=1
P 6.30625 2.80625 8 P 0 0 ;0=2,1=1
P 6.325 1.8875 8 P 0 0 ;0=2,1=1
P 6.3375 2.80625 8 P 0 0 ;0=2,1=1
P 6.34375 1.3625 8 P 0 0 ;0=2,1=1
P 6.36875 2.80625 8 P 0 0 ;0=2,1=1
P 6.3754429 1.48125 8 P 0 0 ;0=2,1=1
P 6.41875 1.28125 8 P 0 0 ;0=2,1=1
P 6.41875 2.3625 8 P 0 0 ;0=2,1=1
P 6.44375 1.875 8 P 0 0 ;0=2,1=1
P 6.4550269 1.351223 8 P 0 0 ;0=2,1=1
P 6.4875 2.85625 8 P 0 0 ;0=2,1=1
P 6.4875 3.175 8 P 0 0 ;0=2,1=1
P 6.5125 2.2875 8 P 0 0 ;0=2,1=1
P 6.53125 1.5 8 P 0 0 ;0=2,1=1
P 6.5625 1.46875 8 P 0 0 ;0=2,1=1
P 6.5875 2.83125 8 P 0 0 ;0=2,1=1
P 6.59375 1.28125 8 P 0 0 ;0=2,1=1
P 6.61875 2.4375 8 P 0 0 ;0=2,1=1
P 6.63125 2.075 8 P 0 0 ;0=2,1=1
P 6.63125 2.18125 8 P 0 0 ;0=2,1=1
P 6.65 3.2 8 P 0 0 ;0=2,1=1
P 6.6625 0.90625 8 P 0 0 ;0=2,1=1
P 6.68125 2.4625 8 P 0 0 ;0=2,1=1
P 6.68125 2.49375 8 P 0 0 ;0=2,1=1
P 6.68125 2.525 8 P 0 0 ;0=2,1=1
P 6.70625 1.1125 8 P 0 0 ;0=2,1=1
P 6.73125 0.81875 8 P 0 0 ;0=2,1=1
P 6.76875 3.2 8 P 0 0 ;0=2,1=1
P 6.80625 2.425 8 P 0 0 ;0=2,1=1
P 6.80625 2.4625 8 P 0 0 ;0=2,1=1
P 6.80625 2.49375 8 P 0 0 ;0=2,1=1
P 6.80625 2.525 8 P 0 0 ;0=2,1=1
P 6.80625 2.6375 8 P 0 0 ;0=2,1=1
P 6.925 1.9 8 P 0 0 ;0=2,1=1
P 6.9440452 2.2002952 8 P 0 0 ;0=2,1=1
P 6.9625 2.4375 8 P 0 0 ;0=2,1=1
P 6.98125 2.8625 8 P 0 0 ;0=2,1=1
P 7 2.4375 8 P 0 0 ;0=2,1=1
P 7.08125 1.8375 8 P 0 0 ;0=2,1=1
P 7.11875 1.60625 8 P 0 0 ;0=2,1=1
P 7.11875 1.81875 8 P 0 0 ;0=2,1=1
P 7.11875 2.2 8 P 0 0 ;0=2,1=1
P 7.13125 2.63125 8 P 0 0 ;0=2,1=1
P 7.14375 1.58125 8 P 0 0 ;0=2,1=1
P 7.1625 3.29375 8 P 0 0 ;0=2,1=1
P 7.2375 2.55625 8 P 0 0 ;0=2,1=1
P 7.29375 3.36875 8 P 0 0 ;0=2,1=1
P 7.3 3.9625 8 P 0 0 ;0=2,1=1
P 7.3567696 3.0376476 8 P 0 0 ;0=2,1=1
P 7.39375 2.35 8 P 0 0 ;0=2,1=1
P 7.4 3.9625 8 P 0 0 ;0=2,1=1
P 7.45 2.375 8 P 0 0 ;0=2,1=1
P 7.475 2.4125 8 P 0 0 ;0=2,1=1
P 7.49375 2.4375 8 P 0 0 ;0=2,1=1
P 7.5375 2.375 8 P 0 0 ;0=2,1=1
P 7.55 3.9625 8 P 0 0 ;0=2,1=1
P 7.5875 2.6 8 P 0 0 ;0=2,1=1
P 7.6 2.88125 8 P 0 0 ;0=2,1=1
P 7.6 2.925 8 P 0 0 ;0=2,1=1
P 7.65 3.9625 8 P 0 0 ;0=2,1=1
P 7.76875 2.40625 8 P 0 0 ;0=2,1=1
